-2e-05 566908.9563134899
-1.7500000000000002e-05 566908.9563134899
-1.5000000000000002e-05 566908.9563134899
-1.2500000000000002e-05 566908.9574891815
-1.0000000000000003e-05 566914.0510903622
-7.500000000000003e-06 566921.830379488
-5.000000000000003e-06 566924.9762198128
-2.500000000000003e-06 566925.747509532
-3.3881317890172014e-21 566923.8101365515
2.4999999999999964e-06 566919.1672620493
4.999999999999996e-06 566918.0985708785
7.499999999999996e-06 566918.0504716722
9.999999999999996e-06 566918.049680971
1.2499999999999996e-05 566918.049751427
1.4999999999999995e-05 566918.049754386
1.7499999999999995e-05 566918.049754386
1.9999999999999995e-05 566918.049754386
