-0.002 -0.0019945547172065766 566909.0001353017
-0.0019950000000000002 -0.001989554717206577 566909.0001353017
-0.0019900000000000004 -0.001984554717206577 566909.0001353017
-0.0019850000000000007 -0.0019795547172065772 566909.0001353017
-0.001980000000000001 -0.0019745547172065774 566909.0001353017
-0.001975000000000001 -0.0019695547172065776 566909.0001353017
-0.0019700000000000013 -0.001964554717206578 566909.0001353017
-0.0019650000000000015 -0.001959554717206578 566909.0001353017
-0.0019600000000000017 -0.0019545547172065783 566909.0001353017
-0.001955000000000002 -0.0019495547172065782 566909.0001353017
-0.001950000000000002 -0.0019445547172065782 566909.0001353017
-0.0019450000000000023 -0.0019395547172065784 566909.0001353017
-0.0019400000000000025 -0.0019345547172065786 566909.0001353017
-0.0019350000000000027 -0.0019295547172065788 566909.0001353017
-0.001930000000000003 -0.001924554717206579 566909.0001353017
-0.001925000000000003 -0.0019195547172065792 566909.0001353017
-0.0019200000000000033 -0.0019145547172065795 566909.0001353017
-0.0019150000000000035 -0.0019095547172065797 566909.0001353017
-0.0019100000000000037 -0.0019045547172065799 566909.0001353017
-0.001905000000000004 -0.00189955471720658 566909.0001353017
-0.0019000000000000041 -0.0018945547172065803 566909.0001353017
-0.0018950000000000043 -0.0018895547172065805 566909.0001353017
-0.0018900000000000045 -0.0018845547172065807 566909.0001353017
-0.0018850000000000047 -0.0018795547172065809 566909.0001353017
-0.001880000000000005 -0.001874554717206581 566909.0001353017
-0.0018750000000000051 -0.0018695547172065813 566909.0001353017
-0.0018700000000000053 -0.0018645547172065815 566909.0001353017
-0.0018650000000000055 -0.0018595547172065817 566909.0001353017
-0.0018600000000000057 -0.001854554717206582 566909.0001353017
-0.001855000000000006 -0.001849554717206582 566909.0001353017
-0.0018500000000000062 -0.0018445547172065823 566909.0001353017
-0.0018450000000000064 -0.0018395547172065825 566909.0001353017
-0.0018400000000000066 -0.0018345547172065827 566909.0001353017
-0.0018350000000000068 -0.001829554717206583 566909.0001353017
-0.001830000000000007 -0.0018245547172065831 566909.0001353017
-0.0018250000000000072 -0.0018195547172065833 566909.0001353017
-0.0018200000000000074 -0.0018145547172065835 566909.0001353017
-0.0018150000000000076 -0.0018095547172065837 566909.0001353017
-0.0018100000000000078 -0.001804554717206584 566909.0001353017
-0.001805000000000008 -0.0017995547172065841 566909.0001353017
-0.0018000000000000082 -0.0017945547172065843 566909.0001353017
-0.0017950000000000084 -0.0017895547172065845 566909.0001353017
-0.0017900000000000086 -0.0017845547172065847 566909.0001353017
-0.0017850000000000088 -0.001779554717206585 566909.0001353017
-0.001780000000000009 -0.0017745547172065852 566909.0001353017
-0.0017750000000000092 -0.0017695547172065854 566909.0001353017
-0.0017700000000000094 -0.0017645547172065856 566909.0001353017
-0.0017650000000000096 -0.0017595547172065858 566909.0001353017
-0.0017600000000000098 -0.001754554717206586 566909.0001353017
-0.00175500000000001 -0.0017495547172065862 566909.0001353017
-0.0017500000000000102 -0.0017445547172065864 566909.0001353017
-0.0017450000000000104 -0.0017395547172065866 566909.0001353017
-0.0017400000000000106 -0.0017345547172065868 566909.0001353017
-0.0017350000000000108 -0.001729554717206587 566909.0001353017
-0.001730000000000011 -0.0017245547172065872 566909.0001353017
-0.0017250000000000112 -0.0017195547172065874 566909.0001353017
-0.0017200000000000115 -0.0017145547172065876 566909.0001353017
-0.0017150000000000117 -0.0017095547172065878 566909.0001353017
-0.0017100000000000119 -0.001704554717206588 566909.0001353017
-0.001705000000000012 -0.0016995547172065882 566909.0001353017
-0.0017000000000000123 -0.0016945547172065884 566909.0001353017
-0.0016950000000000125 -0.0016895547172065886 566909.0001353017
-0.0016900000000000127 -0.0016845547172065888 566909.0001353017
-0.0016850000000000129 -0.001679554717206589 566909.0001353017
-0.001680000000000013 -0.0016745547172065892 566909.0001353017
-0.0016750000000000133 -0.0016695547172065894 566909.0001353017
-0.0016700000000000135 -0.0016645547172065896 566909.0001353017
-0.0016650000000000137 -0.0016595547172065898 566909.0001353017
-0.001660000000000014 -0.00165455471720659 566909.0001353017
-0.001655000000000014 -0.0016495547172065902 566909.0001353017
-0.0016500000000000143 -0.0016445547172065905 566909.0001353017
-0.0016450000000000145 -0.0016395547172065907 566909.0001353017
-0.0016400000000000147 -0.0016345547172065909 566909.0001353017
-0.001635000000000015 -0.001629554717206591 566909.0001353017
-0.0016300000000000151 -0.0016245547172065913 566909.0001353017
-0.0016250000000000153 -0.0016195547172065915 566909.0001353017
-0.0016200000000000155 -0.0016145547172065917 566909.0001353017
-0.0016150000000000157 -0.0016095547172065919 566909.0001353017
-0.001610000000000016 -0.001604554717206592 566909.0001353017
-0.0016050000000000161 -0.0015995547172065923 566909.0001353017
-0.0016000000000000163 -0.0015945547172065925 566909.0001353017
-0.0015950000000000165 -0.0015895547172065927 566909.0001353017
-0.0015900000000000167 -0.001584554717206593 566909.0001353017
-0.001585000000000017 -0.001579554717206593 566909.0001353017
-0.0015800000000000172 -0.0015745547172065933 566909.0001353017
-0.0015750000000000174 -0.0015695547172065935 566909.0001353017
-0.0015700000000000176 -0.0015645547172065937 566909.0001353017
-0.0015650000000000178 -0.001559554717206594 566909.0001353017
-0.001560000000000018 -0.0015545547172065941 566909.0001353017
-0.0015550000000000182 -0.0015495547172065943 566909.0001353017
-0.0015500000000000184 -0.0015445547172065945 566909.0001353017
-0.0015450000000000186 -0.0015395547172065947 566909.0001353017
-0.0015400000000000188 -0.001534554717206595 566909.0001353017
-0.001535000000000019 -0.0015295547172065951 566909.0001353017
-0.0015300000000000192 -0.0015245547172065953 566909.0001353017
-0.0015250000000000194 -0.0015195547172065955 566909.0001353017
-0.0015200000000000196 -0.0015145547172065957 566909.0001353017
-0.0015150000000000198 -0.001509554717206596 566909.0001353017
-0.00151000000000002 -0.0015045547172065962 566909.0001353017
-0.0015050000000000202 -0.0014995547172065964 566909.0001353017
-0.0015000000000000204 -0.0014945547172065966 566909.0001353017
-0.0014950000000000206 -0.0014895547172065968 566909.0001353017
-0.0014900000000000208 -0.001484554717206597 566909.0001353017
-0.001485000000000021 -0.0014795547172065972 566909.0001353017
-0.0014800000000000212 -0.0014745547172065974 566909.0001353017
-0.0014750000000000214 -0.0014695547172065976 566909.0001353017
-0.0014700000000000216 -0.0014645547172065978 566909.0001353017
-0.0014650000000000218 -0.001459554717206598 566909.0001353017
-0.001460000000000022 -0.0014545547172065982 566909.0001353017
-0.0014550000000000222 -0.0014495547172065984 566909.0001353017
-0.0014500000000000225 -0.0014445547172065986 566909.0001353017
-0.0014450000000000227 -0.0014395547172065988 566909.0001353017
-0.0014400000000000229 -0.001434554717206599 566909.0001353017
-0.001435000000000023 -0.0014295547172065992 566909.0001353017
-0.0014300000000000233 -0.0014245547172065994 566909.0001353017
-0.0014250000000000235 -0.0014195547172065996 566909.0001353017
-0.0014200000000000237 -0.0014145547172065998 566909.0001353017
-0.0014150000000000239 -0.0014095547172066 566909.0001353017
-0.001410000000000024 -0.0014045547172066002 566909.0001353017
-0.0014050000000000243 -0.0013995547172066004 566909.0001353017
-0.0014000000000000245 -0.0013945547172066006 566909.0001353017
-0.0013950000000000247 -0.0013895547172066008 566909.0001353017
-0.001390000000000025 -0.001384554717206601 566909.0001353017
-0.001385000000000025 -0.0013795547172066012 566909.0001353017
-0.0013800000000000253 -0.0013745547172066015 566909.0001353017
-0.0013750000000000255 -0.0013695547172066017 566909.0001353017
-0.0013700000000000257 -0.0013645547172066019 566909.0001353017
-0.001365000000000026 -0.001359554717206602 566909.0001353017
-0.0013600000000000261 -0.0013545547172066023 566909.0001353017
-0.0013550000000000263 -0.0013495547172066025 566909.0001353017
-0.0013500000000000265 -0.0013445547172066027 566909.0001353017
-0.0013450000000000267 -0.0013395547172066029 566909.0001353017
-0.001340000000000027 -0.001334554717206603 566909.0001353017
-0.0013350000000000271 -0.0013295547172066033 566909.0001353017
-0.0013300000000000273 -0.0013245547172066035 566909.0001353017
-0.0013250000000000275 -0.0013195547172066037 566909.0001353017
-0.0013200000000000277 -0.001314554717206604 566909.0001353017
-0.001315000000000028 -0.001309554717206604 566909.0001353017
-0.0013100000000000282 -0.0013045547172066043 566909.0001353017
-0.0013050000000000284 -0.0012995547172066045 566909.0001353017
-0.0013000000000000286 -0.0012945547172066047 566909.0001353017
-0.0012950000000000288 -0.001289554717206605 566909.0001353017
-0.001290000000000029 -0.0012845547172066051 566909.0001353017
-0.0012850000000000292 -0.0012795547172066053 566909.0001353017
-0.0012800000000000294 -0.0012745547172066055 566909.0001353017
-0.0012750000000000296 -0.0012695547172066057 566909.0001353017
-0.0012700000000000298 -0.001264554717206606 566909.0001353017
-0.00126500000000003 -0.0012595547172066061 566909.0001353017
-0.0012600000000000302 -0.0012545547172066063 566909.0001353017
-0.0012550000000000304 -0.0012495547172066065 566909.0001353017
-0.0012500000000000306 -0.0012445547172066068 566909.0001353017
-0.0012450000000000308 -0.001239554717206607 566909.0001353017
-0.001240000000000031 -0.0012345547172066072 566909.0001353017
-0.0012350000000000312 -0.0012295547172066074 566909.0001353017
-0.0012300000000000314 -0.0012245547172066076 566909.0001353017
-0.0012250000000000316 -0.0012195547172066078 566909.0001353017
-0.0012200000000000318 -0.001214554717206608 566909.0001353017
-0.001215000000000032 -0.0012095547172066082 566909.0001353017
-0.0012100000000000322 -0.0012045547172066084 566909.0001353017
-0.0012050000000000324 -0.0011995547172066086 566909.0001353017
-0.0012000000000000326 -0.0011945547172066088 566909.0001353017
-0.0011950000000000328 -0.001189554717206609 566909.0001353017
-0.001190000000000033 -0.0011845547172066092 566909.0001353017
-0.0011850000000000332 -0.0011795547172066094 566909.0001353017
-0.0011800000000000335 -0.0011745547172066096 566909.0001353017
-0.0011750000000000337 -0.0011695547172066098 566909.0001353017
-0.0011700000000000339 -0.00116455471720661 566909.0001353017
-0.001165000000000034 -0.0011595547172066102 566909.0001353017
-0.0011600000000000343 -0.0011545547172066104 566909.0001353017
-0.0011550000000000345 -0.0011495547172066106 566909.0001353017
-0.0011500000000000347 -0.0011445547172066108 566909.0001353017
-0.0011450000000000349 -0.001139554717206611 566909.0001353017
-0.001140000000000035 -0.0011345547172066112 566909.0001353017
-0.0011350000000000353 -0.0011295547172066114 566909.0001353017
-0.0011300000000000355 -0.0011245547172066116 566909.0001353017
-0.0011250000000000357 -0.0011195547172066118 566909.0001353017
-0.001120000000000036 -0.001114554717206612 566909.0001353017
-0.001115000000000036 -0.0011095547172066123 566909.0001353017
-0.0011100000000000363 -0.0011045547172066125 566909.0001353017
-0.0011050000000000365 -0.0010995547172066127 566909.0001353017
-0.0011000000000000367 -0.0010945547172066129 566909.0001353017
-0.001095000000000037 -0.001089554717206613 566909.0001353017
-0.0010900000000000371 -0.0010845547172066133 566909.0001353017
-0.0010850000000000373 -0.0010795547172066135 566909.0001353017
-0.0010800000000000375 -0.0010745547172066137 566909.0001353017
-0.0010750000000000377 -0.0010695547172066139 566909.0001353017
-0.001070000000000038 -0.001064554717206614 566909.0001353017
-0.0010650000000000381 -0.0010595547172066143 566909.0001353017
-0.0010600000000000383 -0.0010545547172066145 566909.0001353017
-0.0010550000000000385 -0.0010495547172066147 566909.0001353017
-0.0010500000000000387 -0.001044554717206615 566909.0001353017
-0.001045000000000039 -0.001039554717206615 566909.0001353017
-0.0010400000000000392 -0.0010345547172066153 566909.0001353017
-0.0010350000000000394 -0.0010295547172066155 566909.0001353017
-0.0010300000000000396 -0.0010245547172066157 566909.0001353017
-0.0010250000000000398 -0.001019554717206616 566909.0001353017
-0.00102000000000004 -0.0010145547172066161 566909.0001353017
-0.0010150000000000402 -0.0010095547172066163 566909.0001353017
-0.0010100000000000404 -0.0010045547172066165 566909.0001353017
-0.0010050000000000406 -0.0009995547172066167 566909.0001353017
-0.0010000000000000408 -0.000994554717206617 566909.0001353017
-0.000995000000000041 -0.0009895547172066171 566909.0001353017
-0.0009900000000000412 -0.0009845547172066173 566909.0001353017
-0.0009850000000000414 -0.0009795547172066175 566909.0001353017
-0.0009800000000000416 -0.0009745547172066179 566909.0001353017
-0.0009750000000000418 -0.0009695547172066178 566909.0001353017
-0.000970000000000042 -0.000964554717206618 566909.0001353017
-0.0009650000000000422 -0.0009595547172066183 566909.0001353017
-0.0009600000000000424 -0.0009545547172066185 566909.0001353017
-0.0009550000000000426 -0.0009495547172066187 566909.0001353017
-0.0009500000000000428 -0.0009445547172066189 566909.0001353017
-0.000945000000000043 -0.0009395547172066191 566909.0001353017
-0.0009400000000000432 -0.0009345547172066193 566909.0001353017
-0.0009350000000000434 -0.0009295547172066195 566909.0001353017
-0.0009300000000000436 -0.0009245547172066197 566909.0001353017
-0.0009250000000000438 -0.0009195547172066199 566909.0001353017
-0.000920000000000044 -0.0009145547172066201 566909.0001353017
-0.0009150000000000443 -0.0009095547172066203 566909.0001353017
-0.0009100000000000445 -0.0009045547172066205 566909.0001353017
-0.0009050000000000447 -0.0008995547172066207 566909.0001353017
-0.0009000000000000449 -0.0008945547172066209 566909.0001353017
-0.0008950000000000451 -0.0008895547172066211 566909.0001353017
-0.0008900000000000453 -0.0008845547172066213 566909.0001353017
-0.0008850000000000455 -0.0008795547172066215 566909.0001353017
-0.0008800000000000457 -0.0008745547172066217 566909.0001353017
-0.0008750000000000459 -0.0008695547172066219 566909.0001353017
-0.0008700000000000461 -0.0008645547172066221 566909.0001353017
-0.0008650000000000463 -0.0008595547172066223 566909.0001353017
-0.0008600000000000465 -0.0008545547172066225 566909.0001353017
-0.0008550000000000467 -0.0008495547172066227 566909.0001353017
-0.0008500000000000469 -0.0008445547172066229 566909.0001353017
-0.0008450000000000471 -0.0008395547172066231 566909.0001353017
-0.0008400000000000473 -0.0008345547172066233 566909.0001353017
-0.0008350000000000475 -0.0008295547172066236 566909.0001353017
-0.0008300000000000477 -0.0008245547172066238 566909.0001353017
-0.0008250000000000479 -0.000819554717206624 566909.0001353017
-0.0008200000000000481 -0.0008145547172066242 566909.0001353017
-0.0008150000000000483 -0.0008095547172066244 566909.0001353017
-0.0008100000000000485 -0.0008045547172066246 566909.0001353017
-0.0008050000000000487 -0.0007995547172066248 566909.0001353017
-0.0008000000000000489 -0.000794554717206625 566909.0001353017
-0.0007950000000000491 -0.0007895547172066252 566909.0001353017
-0.0007900000000000493 -0.0007845547172066254 566909.0001353017
-0.0007850000000000495 -0.0007795547172066256 566909.0001353017
-0.0007800000000000498 -0.0007745547172066258 566909.0001353017
-0.00077500000000005 -0.000769554717206626 566909.0001353017
-0.0007700000000000502 -0.0007645547172066262 566909.0001353017
-0.0007650000000000504 -0.0007595547172066264 566909.0001353017
-0.0007600000000000506 -0.0007545547172066266 566909.0001353017
-0.0007550000000000508 -0.0007495547172066268 566909.0001353017
-0.000750000000000051 -0.000744554717206627 566909.0001353017
-0.0007450000000000512 -0.0007395547172066272 566909.0001353017
-0.0007400000000000514 -0.0007345547172066274 566909.0001353017
-0.0007350000000000516 -0.0007295547172066276 566909.0001353017
-0.0007300000000000518 -0.0007245547172066278 566909.0001353017
-0.000725000000000052 -0.000719554717206628 566909.0001353017
-0.0007200000000000522 -0.0007145547172066282 566909.0001353017
-0.0007150000000000524 -0.0007095547172066284 566909.0001353017
-0.0007100000000000526 -0.0007045547172066286 566909.0001353017
-0.0007050000000000528 -0.0006995547172066288 566909.0001353017
-0.000700000000000053 -0.000694554717206629 566909.0001353017
-0.0006950000000000532 -0.0006895547172066293 566909.0001353017
-0.0006900000000000534 -0.0006845547172066295 566909.0001353017
-0.0006850000000000536 -0.0006795547172066297 566909.0001353017
-0.0006800000000000538 -0.0006745547172066299 566909.0001353017
-0.000675000000000054 -0.0006695547172066301 566909.0001353017
-0.0006700000000000542 -0.0006645547172066303 566909.0001353017
-0.0006650000000000544 -0.0006595547172066305 566909.0001353017
-0.0006600000000000546 -0.0006545547172066307 566909.0001353017
-0.0006550000000000548 -0.0006495547172066309 566909.0001353017
-0.000650000000000055 -0.0006445547172066311 566909.0001353017
-0.0006450000000000553 -0.0006395547172066313 566909.0001353017
-0.0006400000000000555 -0.0006345547172066315 566909.0001353017
-0.0006350000000000557 -0.0006295547172066317 566909.0001353017
-0.0006300000000000559 -0.0006245547172066319 566909.0001353017
-0.0006250000000000561 -0.0006195547172066321 566909.0001353017
-0.0006200000000000563 -0.0006145547172066323 566909.0001353017
-0.0006150000000000565 -0.0006095547172066325 566909.0001353017
-0.0006100000000000567 -0.0006045547172066327 566909.0001353017
-0.0006050000000000569 -0.0005995547172066329 566909.0001353017
-0.0006000000000000571 -0.0005945547172066331 566909.0001353017
-0.0005950000000000573 -0.0005895547172066333 566909.0001353017
-0.0005900000000000575 -0.0005845547172066335 566909.0001353017
-0.0005850000000000577 -0.0005795547172066337 566909.0001353017
-0.0005800000000000579 -0.0005745547172066339 566909.0001353017
-0.0005750000000000581 -0.0005695547172066341 566909.0001353017
-0.0005700000000000583 -0.0005645547172066343 566909.0001353017
-0.0005650000000000585 -0.0005595547172066346 566909.0001353017
-0.0005600000000000587 -0.0005545547172066348 566909.0001353017
-0.0005550000000000589 -0.000549554717206635 566909.0001353017
-0.0005500000000000591 -0.0005445547172066352 566909.0001353017
-0.0005450000000000593 -0.0005395547172066354 566909.0001353017
-0.0005400000000000595 -0.0005345547172066356 566909.0001353017
-0.0005350000000000597 -0.0005295547172066358 566909.0001353017
-0.0005300000000000599 -0.000524554717206636 566909.0001353017
-0.0005250000000000601 -0.0005195547172066362 566909.0001353017
-0.0005200000000000603 -0.0005145547172066364 566909.0001353017
-0.0005150000000000605 -0.0005095547172066366 566909.0001353017
-0.0005100000000000608 -0.0005045547172066368 566909.0001353017
-0.000505000000000061 -0.000499554717206637 566909.0001353017
-0.0005000000000000612 -0.0004945547172066372 566909.0001353017
-0.0004950000000000614 -0.0004895547172066374 566909.0001353017
-0.0004900000000000616 -0.0004845547172066376 566909.0001353017
-0.00048500000000006177 -0.00047955471720663787 566909.0001353017
-0.000480000000000062 -0.00047455471720663807 566909.0001353017
-0.0004750000000000622 -0.0004695547172066383 566909.0001353017
-0.0004700000000000624 -0.0004645547172066385 566909.0001353017
-0.0004650000000000626 -0.0004595547172066387 566909.0001353017
-0.0004600000000000628 -0.0004545547172066389 566909.0001353017
-0.000455000000000063 -0.0004495547172066391 566909.0001353017
-0.0004500000000000632 -0.0004445547172066393 566909.0001353017
-0.0004450000000000634 -0.0004395547172066395 566909.0001353017
-0.0004400000000000636 -0.0004345547172066397 566909.0001353017
-0.0004350000000000638 -0.0004295547172066399 566909.0001353017
-0.000430000000000064 -0.0004245547172066401 566909.0001353017
-0.0004250000000000642 -0.0004195547172066403 566909.0001353017
-0.0004200000000000644 -0.0004145547172066405 566909.0001353017
-0.0004150000000000646 -0.0004095547172066407 566909.0001353017
-0.0004100000000000648 -0.0004045547172066409 566909.0001353017
-0.00040500000000006503 -0.0003995547172066411 566909.0001353017
-0.00040000000000006523 -0.00039455471720664133 566909.0001353017
-0.00039500000000006544 -0.00038955471720664153 566909.0001353017
-0.00039000000000006564 -0.00038455471720664174 566909.0001353017
-0.00038500000000006585 -0.00037955471720664194 566909.0001353017
-0.00038000000000006605 -0.00037455471720664214 566909.0001353017
-0.00037500000000006625 -0.00036955471720664235 566909.0001353017
-0.00037000000000006646 -0.00036455471720664255 566909.0001353017
-0.00036500000000006666 -0.00035955471720664276 566909.0001353017
-0.00036000000000006686 -0.00035455471720664296 566909.0001353017
-0.00035500000000006707 -0.00034955471720664316 566909.0001353017
-0.00035000000000006727 -0.00034455471720664337 566909.0001353017
-0.0003450000000000675 -0.00033955471720664357 566909.0001353017
-0.0003400000000000677 -0.0003345547172066438 566909.0001353017
-0.0003350000000000679 -0.000329554717206644 566909.0001353017
-0.0003300000000000681 -0.0003245547172066442 566909.0001353017
-0.0003250000000000683 -0.0003195547172066444 566909.0001353017
-0.0003200000000000685 -0.0003145547172066446 566909.0001353017
-0.0003150000000000687 -0.0003095547172066448 566909.0001353017
-0.0003100000000000689 -0.000304554717206645 566909.0001353017
-0.0003050000000000691 -0.0002995547172066452 566909.0001353017
-0.0003000000000000693 -0.0002945547172066454 566909.0001353017
-0.0002950000000000695 -0.0002895547172066456 566909.0001353017
-0.0002900000000000697 -0.0002845547172066458 566909.0001353017
-0.0002850000000000699 -0.000279554717206646 566909.0001353017
-0.0002800000000000701 -0.0002745547172066462 566909.0001353017
-0.0002750000000000703 -0.0002695547172066464 566909.0001353017
-0.00027000000000007053 -0.0002645547172066466 566909.0001353017
-0.00026500000000007073 -0.00025955471720664683 566909.0001353017
-0.00026000000000007094 -0.00025455471720664703 566909.0001353017
-0.00025500000000007114 -0.00024955471720664724 566909.0001353017
-0.00025000000000007135 -0.00024455471720664744 566909.0001353017
-0.00024500000000007155 -0.00023955471720664765 566909.0001353017
-0.00024000000000007175 -0.00023455471720664782 566909.0001353017
-0.00023500000000007196 -0.00022955471720664803 566909.0001353017
-0.00023000000000007216 -0.00022455471720664823 566909.0001353017
-0.00022500000000007236 -0.00021955471720664843 566909.0001353017
-0.00022000000000007257 -0.00021455471720664864 566909.0001353017
-0.00021500000000007277 -0.00020955471720664884 566909.0001353017
-0.00021000000000007298 -0.00020455471720664904 566909.0001353017
-0.00020500000000007318 -0.00019955471720664925 566909.0001353017
-0.00020000000000007338 -0.00019455471720664945 566909.0001353017
-0.0001950000000000736 -0.00018955471720664966 566909.0001353017
-0.0001900000000000738 -0.00018455471720664986 566909.0001353017
-0.000185000000000074 -0.00017955471720665006 566909.0001353017
-0.0001800000000000742 -0.00017455471720665027 566909.0001353017
-0.0001750000000000744 -0.00016955471720665047 566909.0001353017
-0.0001700000000000746 -0.00016455471720665067 566909.0001353017
-0.0001650000000000748 -0.00015955471720665088 566909.0001353017
-0.000160000000000075 -0.00015455471720665108 566909.0001353017
-0.00015500000000007522 -0.00014955471720665129 566909.0001353017
-0.00015000000000007542 -0.0001445547172066515 566909.0001353017
-0.00014500000000007562 -0.0001395547172066517 566909.0001353017
-0.00014000000000007583 -0.0001345547172066519 566909.0001353017
-0.00013500000000007603 -0.0001295547172066521 566909.0001353017
-0.00013000000000007624 -0.0001245547172066523 566909.0001353017
-0.00012500000000007644 -0.00011955471720665259 566909.0001353017
-0.00012000000000007664 -0.00011455471720665283 566909.0001353017
-0.00011500000000007685 -0.00010955471720665304 566909.0001353017
-0.00011000000000007705 -0.00010455471720665324 566909.0001353017
-0.00010500000000007725 -9.955471720665344e-05 566909.0001353017
-0.00010000000000007746 -9.455471720665365e-05 566909.0001353017
-9.500000000007766e-05 -8.955471720665385e-05 566909.0001353017
-9.000000000007786e-05 -8.455471720665406e-05 566909.0001353017
-8.500000000007807e-05 -7.955471720665426e-05 566909.0001353017
-8.000000000007827e-05 -7.455471720665446e-05 566909.0001353017
-7.500000000007848e-05 -6.955471720664536e-05 566909.0001204751
-7.000000000007868e-05 -6.431499542952405e-05 566909.0052892991
-6.500000000007888e-05 -5.687014744011019e-05 566909.0329583635
-6.000000000007909e-05 -4.808487125025417e-05 566909.0823722634
-5.500000000007929e-05 -3.720082869147084e-05 566909.1788502319
-5.0000000000079495e-05 -2.250630033143674e-05 566909.3985990118
-4.50000000000797e-05 3.746322749793985e-07 566910.0580357533
-4.00000000000799e-05 3.8748093540497114e-05 566912.2216320583
-3.5000000000080106e-05 7.700191836502025e-05 566914.7255471756
-3.000000000008031e-05 0.00010870172500970166 566916.789610441
-2.5000000000080513e-05 0.00013456746215302756 566918.456046349
-2.0000000000080717e-05 0.00015514971238808417 566919.7627490711
-1.500000000008092e-05 0.00017073374493483792 566920.732141824
-1.0000000000081125e-05 0.0001813245341422651 566921.3723646048
-5.000000000081328e-06 0.00018664985537357736 566921.6812075455
-8.153200337090993e-17 0.00018622539226031146 566921.6559498505
4.999999999918264e-06 0.0001795714906906196 566921.3129530859
9.99999999991806e-06 0.0001666909726425057 566920.7158673947
1.4999999999917857e-05 0.00014871137938826098 566919.9918751752
1.9999999999917653e-05 0.00012813336026600602 566919.300657708
2.499999999991745e-05 0.00010807459638206265 566918.7607366497
2.9999999999917246e-05 9.09757517438645e-05 566918.4042890109
3.499999999991704e-05 7.794593905274039e-05 566918.1991093204
3.999999999991684e-05 6.901862032232462e-05 566918.0945363216
4.4999999999916634e-05 6.371926028348525e-05 566918.0489919987
4.999999999991643e-05 6.148903454145292e-05 566918.0349468412
5.499999999991623e-05 6.172709909791104e-05 566918.0349203455
5.999999999991602e-05 6.379246286215862e-05 566918.0390630242
6.499999999991582e-05 6.708069031429844e-05 566918.0430949051
6.999999999991562e-05 7.122746522887324e-05 566918.045761126
7.499999999991541e-05 7.622746522887303e-05 566918.045761126
7.999999999991521e-05 8.122746522887283e-05 566918.045761126
8.4999999999915e-05 8.622746522887262e-05 566918.045761126
8.99999999999148e-05 9.122746522887242e-05 566918.045761126
9.49999999999146e-05 9.622746522887222e-05 566918.045761126
9.99999999999144e-05 0.00010122746522887201 566918.045761126
0.00010499999999991419 0.00010622746522887181 566918.045761126
0.00010999999999991399 0.0001112274652288716 566918.045761126
0.00011499999999991378 0.0001162274652288714 566918.045761126
0.00011999999999991358 0.0001212274652288712 566918.045761126
0.00012499999999991337 0.00012622746522887102 566918.045761126
0.00012999999999991317 0.00013122746522887082 566918.045761126
0.00013499999999991297 0.00013622746522887061 566918.045761126
0.00013999999999991276 0.0001412274652288704 566918.045761126
0.00014499999999991256 0.0001462274652288702 566918.045761126
0.00014999999999991236 0.00015122746522887 566918.045761126
0.00015499999999991215 0.0001562274652288698 566918.045761126
0.00015999999999991195 0.0001612274652288696 566918.045761126
0.00016499999999991175 0.0001662274652288694 566918.045761126
0.00016999999999991154 0.0001712274652288692 566918.045761126
0.00017499999999991134 0.00017622746522886898 566918.045761126
0.00017999999999991113 0.00018122746522886878 566918.045761126
0.00018499999999991093 0.00018622746522886858 566918.045761126
0.00018999999999991073 0.00019122746522886837 566918.045761126
0.00019499999999991052 0.00019622746522886817 566918.045761126
0.00019999999999991032 0.00020122746522886797 566918.045761126
0.00020499999999991012 0.00020622746522886776 566918.045761126
0.0002099999999999099 0.00021122746522886756 566918.045761126
0.0002149999999999097 0.00021622746522886735 566918.045761126
0.0002199999999999095 0.00022122746522886715 566918.045761126
0.0002249999999999093 0.00022622746522886695 566918.045761126
0.0002299999999999091 0.00023122746522886674 566918.045761126
0.0002349999999999089 0.00023622746522886654 566918.045761126
0.0002399999999999087 0.00024122746522886634 566918.045761126
0.0002449999999999085 0.00024622746522886613 566918.045761126
0.0002499999999999083 0.00025122746522886593 566918.045761126
0.0002549999999999081 0.0002562274652288657 566918.045761126
0.0002599999999999079 0.0002612274652288655 566918.045761126
0.00026499999999990767 0.0002662274652288653 566918.045761126
0.00026999999999990747 0.0002712274652288651 566918.045761126
0.00027499999999990726 0.0002762274652288649 566918.045761126
0.00027999999999990706 0.0002812274652288647 566918.045761126
0.00028499999999990686 0.0002862274652288645 566918.045761126
0.00028999999999990665 0.0002912274652288643 566918.045761126
0.00029499999999990645 0.0002962274652288641 566918.045761126
0.00029999999999990624 0.0003012274652288639 566918.045761126
0.00030499999999990604 0.0003062274652288637 566918.045761126
0.00030999999999990584 0.0003112274652288635 566918.045761126
0.00031499999999990563 0.0003162274652288633 566918.045761126
0.00031999999999990543 0.0003212274652288631 566918.045761126
0.0003249999999999052 0.00032622746522886287 566918.045761126
0.000329999999999905 0.00033122746522886267 566918.045761126
0.0003349999999999048 0.00033622746522886246 566918.045761126
0.0003399999999999046 0.00034122746522886226 566918.045761126
0.0003449999999999044 0.00034622746522886206 566918.045761126
0.0003499999999999042 0.00035122746522886185 566918.045761126
0.000354999999999904 0.00035622746522886165 566918.045761126
0.0003599999999999038 0.00036122746522886145 566918.045761126
0.0003649999999999036 0.00036622746522886124 566918.045761126
0.0003699999999999034 0.00037122746522886104 566918.045761126
0.0003749999999999032 0.00037622746522886083 566918.045761126
0.000379999999999903 0.00038122746522886063 566918.045761126
0.0003849999999999028 0.00038622746522886043 566918.045761126
0.0003899999999999026 0.0003912274652288602 566918.045761126
0.0003949999999999024 0.00039622746522886 566918.045761126
0.00039999999999990217 0.0004012274652288598 566918.045761126
0.00040499999999990197 0.0004062274652288596 566918.045761126
0.00040999999999990176 0.0004112274652288594 566918.045761126
0.00041499999999990156 0.0004162274652288592 566918.045761126
0.00041999999999990136 0.000421227465228859 566918.045761126
0.00042499999999990115 0.0004262274652288588 566918.045761126
0.00042999999999990095 0.0004312274652288586 566918.045761126
0.00043499999999990074 0.0004362274652288584 566918.045761126
0.00043999999999990054 0.0004412274652288582 566918.045761126
0.00044499999999990034 0.000446227465228858 566918.045761126
0.00044999999999990013 0.0004512274652288578 566918.045761126
0.00045499999999989993 0.0004562274652288576 566918.045761126
0.0004599999999998997 0.00046122746522885737 566918.045761126
0.0004649999999998995 0.00046622746522885717 566918.045761126
0.0004699999999998993 0.00047122746522885696 566918.045761126
0.0004749999999998991 0.00047622746522885676 566918.045761126
0.0004799999999998989 0.00048122746522885656 566918.045761126
0.0004849999999998987 0.00048622746522885635 566918.045761126
0.0004899999999998985 0.0004912274652288561 566918.045761126
0.0004949999999998983 0.0004962274652288559 566918.045761126
0.0004999999999998981 0.0005012274652288557 566918.045761126
0.0005049999999998979 0.0005062274652288555 566918.045761126
0.0005099999999998977 0.0005112274652288553 566918.045761126
0.0005149999999998975 0.0005162274652288551 566918.045761126
0.0005199999999998973 0.0005212274652288549 566918.045761126
0.0005249999999998971 0.0005262274652288547 566918.045761126
0.0005299999999998969 0.0005312274652288545 566918.045761126
0.0005349999999998967 0.0005362274652288543 566918.045761126
0.0005399999999998965 0.0005412274652288541 566918.045761126
0.0005449999999998963 0.0005462274652288539 566918.045761126
0.0005499999999998961 0.0005512274652288537 566918.045761126
0.0005549999999998959 0.0005562274652288534 566918.045761126
0.0005599999999998957 0.0005612274652288532 566918.045761126
0.0005649999999998954 0.000566227465228853 566918.045761126
0.0005699999999998952 0.0005712274652288528 566918.045761126
0.000574999999999895 0.0005762274652288526 566918.045761126
0.0005799999999998948 0.0005812274652288524 566918.045761126
0.0005849999999998946 0.0005862274652288522 566918.045761126
0.0005899999999998944 0.000591227465228852 566918.045761126
0.0005949999999998942 0.0005962274652288518 566918.045761126
0.000599999999999894 0.0006012274652288516 566918.045761126
0.0006049999999998938 0.0006062274652288514 566918.045761126
0.0006099999999998936 0.0006112274652288512 566918.045761126
0.0006149999999998934 0.000616227465228851 566918.045761126
0.0006199999999998932 0.0006212274652288508 566918.045761126
0.000624999999999893 0.0006262274652288506 566918.045761126
0.0006299999999998928 0.0006312274652288504 566918.045761126
0.0006349999999998926 0.0006362274652288502 566918.045761126
0.0006399999999998924 0.00064122746522885 566918.045761126
0.0006449999999998922 0.0006462274652288498 566918.045761126
0.000649999999999892 0.0006512274652288496 566918.045761126
0.0006549999999998918 0.0006562274652288494 566918.045761126
0.0006599999999998916 0.0006612274652288492 566918.045761126
0.0006649999999998914 0.000666227465228849 566918.045761126
0.0006699999999998912 0.0006712274652288488 566918.045761126
0.000674999999999891 0.0006762274652288486 566918.045761126
0.0006799999999998908 0.0006812274652288484 566918.045761126
0.0006849999999998906 0.0006862274652288481 566918.045761126
0.0006899999999998904 0.000691227465228848 566918.045761126
0.0006949999999998902 0.0006962274652288477 566918.045761126
0.00069999999999989 0.0007012274652288475 566918.045761126
0.0007049999999998897 0.0007062274652288473 566918.045761126
0.0007099999999998895 0.0007112274652288471 566918.045761126
0.0007149999999998893 0.0007162274652288469 566918.045761126
0.0007199999999998891 0.0007212274652288467 566918.045761126
0.0007249999999998889 0.0007262274652288465 566918.045761126
0.0007299999999998887 0.0007312274652288463 566918.045761126
0.0007349999999998885 0.0007362274652288461 566918.045761126
0.0007399999999998883 0.0007412274652288459 566918.045761126
0.0007449999999998881 0.0007462274652288457 566918.045761126
0.0007499999999998879 0.0007512274652288455 566918.045761126
0.0007549999999998877 0.0007562274652288453 566918.045761126
0.0007599999999998875 0.0007612274652288451 566918.045761126
0.0007649999999998873 0.0007662274652288449 566918.045761126
0.0007699999999998871 0.0007712274652288447 566918.045761126
0.0007749999999998869 0.0007762274652288445 566918.045761126
0.0007799999999998867 0.0007812274652288443 566918.045761126
0.0007849999999998865 0.0007862274652288441 566918.045761126
0.0007899999999998863 0.0007912274652288439 566918.045761126
0.0007949999999998861 0.0007962274652288437 566918.045761126
0.0007999999999998859 0.0008012274652288435 566918.045761126
0.0008049999999998857 0.0008062274652288433 566918.045761126
0.0008099999999998855 0.0008112274652288431 566918.045761126
0.0008149999999998853 0.0008162274652288429 566918.045761126
0.0008199999999998851 0.0008212274652288426 566918.045761126
0.0008249999999998849 0.0008262274652288424 566918.045761126
0.0008299999999998846 0.0008312274652288422 566918.045761126
0.0008349999999998844 0.000836227465228842 566918.045761126
0.0008399999999998842 0.0008412274652288418 566918.045761126
0.000844999999999884 0.0008462274652288416 566918.045761126
0.0008499999999998838 0.0008512274652288414 566918.045761126
0.0008549999999998836 0.0008562274652288412 566918.045761126
0.0008599999999998834 0.000861227465228841 566918.045761126
0.0008649999999998832 0.0008662274652288408 566918.045761126
0.000869999999999883 0.0008712274652288406 566918.045761126
0.0008749999999998828 0.0008762274652288404 566918.045761126
0.0008799999999998826 0.0008812274652288402 566918.045761126
0.0008849999999998824 0.00088622746522884 566918.045761126
0.0008899999999998822 0.0008912274652288398 566918.045761126
0.000894999999999882 0.0008962274652288396 566918.045761126
0.0008999999999998818 0.0009012274652288394 566918.045761126
0.0009049999999998816 0.0009062274652288392 566918.045761126
0.0009099999999998814 0.000911227465228839 566918.045761126
0.0009149999999998812 0.0009162274652288388 566918.045761126
0.000919999999999881 0.0009212274652288386 566918.045761126
0.0009249999999998808 0.0009262274652288384 566918.045761126
0.0009299999999998806 0.0009312274652288382 566918.045761126
0.0009349999999998804 0.000936227465228838 566918.045761126
0.0009399999999998802 0.0009412274652288378 566918.045761126
0.00094499999999988 0.0009462274652288376 566918.045761126
0.0009499999999998798 0.0009512274652288374 566918.045761126
0.0009549999999998796 0.0009562274652288371 566918.045761126
0.0009599999999998794 0.0009612274652288369 566918.045761126
0.0009649999999998791 0.0009662274652288367 566918.045761126
0.0009699999999998789 0.0009712274652288365 566918.045761126
0.0009749999999998787 0.0009762274652288363 566918.045761126
0.0009799999999998785 0.0009812274652288358 566918.045761126
0.0009849999999998783 0.0009862274652288356 566918.045761126
0.0009899999999998781 0.0009912274652288354 566918.045761126
0.000994999999999878 0.0009962274652288352 566918.045761126
0.0009999999999998777 0.001001227465228835 566918.045761126
0.0010049999999998775 0.0010062274652288348 566918.045761126
0.0010099999999998773 0.0010112274652288346 566918.045761126
0.0010149999999998771 0.0010162274652288344 566918.045761126
0.001019999999999877 0.0010212274652288342 566918.045761126
0.0010249999999998767 0.001026227465228834 566918.045761126
0.0010299999999998765 0.0010312274652288338 566918.045761126
0.0010349999999998763 0.0010362274652288336 566918.045761126
0.001039999999999876 0.0010412274652288334 566918.045761126
0.0010449999999998759 0.0010462274652288332 566918.045761126
0.0010499999999998757 0.001051227465228833 566918.045761126
0.0010549999999998755 0.0010562274652288327 566918.045761126
0.0010599999999998753 0.0010612274652288325 566918.045761126
0.001064999999999875 0.0010662274652288323 566918.045761126
0.0010699999999998749 0.0010712274652288321 566918.045761126
0.0010749999999998747 0.001076227465228832 566918.045761126
0.0010799999999998745 0.0010812274652288317 566918.045761126
0.0010849999999998743 0.0010862274652288315 566918.045761126
0.001089999999999874 0.0010912274652288313 566918.045761126
0.0010949999999998739 0.0010962274652288311 566918.045761126
0.0010999999999998736 0.001101227465228831 566918.045761126
0.0011049999999998734 0.0011062274652288307 566918.045761126
0.0011099999999998732 0.0011112274652288305 566918.045761126
0.001114999999999873 0.0011162274652288303 566918.045761126
0.0011199999999998728 0.00112122746522883 566918.045761126
0.0011249999999998726 0.00112622746522883 566918.045761126
0.0011299999999998724 0.0011312274652288297 566918.045761126
0.0011349999999998722 0.0011362274652288295 566918.045761126
0.001139999999999872 0.0011412274652288293 566918.045761126
0.0011449999999998718 0.001146227465228829 566918.045761126
0.0011499999999998716 0.0011512274652288289 566918.045761126
0.0011549999999998714 0.0011562274652288287 566918.045761126
0.0011599999999998712 0.0011612274652288285 566918.045761126
0.001164999999999871 0.0011662274652288283 566918.045761126
0.0011699999999998708 0.001171227465228828 566918.045761126
0.0011749999999998706 0.0011762274652288279 566918.045761126
0.0011799999999998704 0.0011812274652288277 566918.045761126
0.0011849999999998702 0.0011862274652288275 566918.045761126
0.00118999999999987 0.0011912274652288272 566918.045761126
0.0011949999999998698 0.001196227465228827 566918.045761126
0.0011999999999998696 0.0012012274652288268 566918.045761126
0.0012049999999998694 0.0012062274652288266 566918.045761126
0.0012099999999998692 0.0012112274652288264 566918.045761126
0.001214999999999869 0.0012162274652288262 566918.045761126
0.0012199999999998688 0.001221227465228826 566918.045761126
0.0012249999999998686 0.0012262274652288258 566918.045761126
0.0012299999999998684 0.0012312274652288256 566918.045761126
0.0012349999999998681 0.0012362274652288254 566918.045761126
0.001239999999999868 0.0012412274652288252 566918.045761126
0.0012449999999998677 0.001246227465228825 566918.045761126
0.0012499999999998675 0.0012512274652288248 566918.045761126
0.0012549999999998673 0.0012562274652288246 566918.045761126
0.0012599999999998671 0.0012612274652288244 566918.045761126
0.001264999999999867 0.0012662274652288242 566918.045761126
0.0012699999999998667 0.001271227465228824 566918.045761126
0.0012749999999998665 0.0012762274652288238 566918.045761126
0.0012799999999998663 0.0012812274652288236 566918.045761126
0.0012849999999998661 0.0012862274652288234 566918.045761126
0.001289999999999866 0.0012912274652288232 566918.045761126
0.0012949999999998657 0.001296227465228823 566918.045761126
0.0012999999999998655 0.0013012274652288228 566918.045761126
0.0013049999999998653 0.0013062274652288226 566918.045761126
0.001309999999999865 0.0013112274652288224 566918.045761126
0.0013149999999998649 0.0013162274652288222 566918.045761126
0.0013199999999998647 0.001321227465228822 566918.045761126
0.0013249999999998645 0.0013262274652288217 566918.045761126
0.0013299999999998643 0.0013312274652288215 566918.045761126
0.001334999999999864 0.0013362274652288213 566918.045761126
0.0013399999999998639 0.0013412274652288211 566918.045761126
0.0013449999999998637 0.001346227465228821 566918.045761126
0.0013499999999998635 0.0013512274652288207 566918.045761126
0.0013549999999998633 0.0013562274652288205 566918.045761126
0.001359999999999863 0.0013612274652288203 566918.045761126
0.0013649999999998629 0.0013662274652288201 566918.045761126
0.0013699999999998626 0.00137122746522882 566918.045761126
0.0013749999999998624 0.0013762274652288197 566918.045761126
0.0013799999999998622 0.0013812274652288195 566918.045761126
0.001384999999999862 0.0013862274652288193 566918.045761126
0.0013899999999998618 0.001391227465228819 566918.045761126
0.0013949999999998616 0.001396227465228819 566918.045761126
0.0013999999999998614 0.0014012274652288187 566918.045761126
0.0014049999999998612 0.0014062274652288185 566918.045761126
0.001409999999999861 0.0014112274652288183 566918.045761126
0.0014149999999998608 0.001416227465228818 566918.045761126
0.0014199999999998606 0.0014212274652288179 566918.045761126
0.0014249999999998604 0.0014262274652288177 566918.045761126
0.0014299999999998602 0.0014312274652288175 566918.045761126
0.00143499999999986 0.0014362274652288173 566918.045761126
0.0014399999999998598 0.001441227465228817 566918.045761126
0.0014449999999998596 0.0014462274652288169 566918.045761126
0.0014499999999998594 0.0014512274652288167 566918.045761126
0.0014549999999998592 0.0014562274652288165 566918.045761126
0.001459999999999859 0.0014612274652288162 566918.045761126
0.0014649999999998588 0.001466227465228816 566918.045761126
0.0014699999999998586 0.0014712274652288158 566918.045761126
0.0014749999999998584 0.0014762274652288156 566918.045761126
0.0014799999999998582 0.0014812274652288154 566918.045761126
0.001484999999999858 0.0014862274652288152 566918.045761126
0.0014899999999998578 0.001491227465228815 566918.045761126
0.0014949999999998576 0.0014962274652288148 566918.045761126
0.0014999999999998574 0.0015012274652288146 566918.045761126
0.0015049999999998571 0.0015062274652288144 566918.045761126
0.001509999999999857 0.0015112274652288142 566918.045761126
0.0015149999999998567 0.001516227465228814 566918.045761126
0.0015199999999998565 0.0015212274652288138 566918.045761126
0.0015249999999998563 0.0015262274652288136 566918.045761126
0.0015299999999998561 0.0015312274652288134 566918.045761126
0.001534999999999856 0.0015362274652288132 566918.045761126
0.0015399999999998557 0.001541227465228813 566918.045761126
0.0015449999999998555 0.0015462274652288128 566918.045761126
0.0015499999999998553 0.0015512274652288126 566918.045761126
0.0015549999999998551 0.0015562274652288124 566918.045761126
0.001559999999999855 0.0015612274652288122 566918.045761126
0.0015649999999998547 0.001566227465228812 566918.045761126
0.0015699999999998545 0.0015712274652288118 566918.045761126
0.0015749999999998543 0.0015762274652288116 566918.045761126
0.001579999999999854 0.0015812274652288114 566918.045761126
0.0015849999999998539 0.0015862274652288112 566918.045761126
0.0015899999999998537 0.001591227465228811 566918.045761126
0.0015949999999998535 0.0015962274652288107 566918.045761126
0.0015999999999998533 0.0016012274652288105 566918.045761126
0.001604999999999853 0.0016062274652288103 566918.045761126
0.0016099999999998529 0.0016112274652288101 566918.045761126
0.0016149999999998527 0.00161622746522881 566918.045761126
0.0016199999999998525 0.0016212274652288097 566918.045761126
0.0016249999999998523 0.0016262274652288095 566918.045761126
0.001629999999999852 0.0016312274652288093 566918.045761126
0.0016349999999998518 0.0016362274652288091 566918.045761126
0.0016399999999998516 0.001641227465228809 566918.045761126
0.0016449999999998514 0.0016462274652288087 566918.045761126
0.0016499999999998512 0.0016512274652288085 566918.045761126
0.001654999999999851 0.0016562274652288083 566918.045761126
0.0016599999999998508 0.001661227465228808 566918.045761126
0.0016649999999998506 0.001666227465228808 566918.045761126
0.0016699999999998504 0.0016712274652288077 566918.045761126
0.0016749999999998502 0.0016762274652288075 566918.045761126
0.00167999999999985 0.0016812274652288073 566918.045761126
0.0016849999999998498 0.001686227465228807 566918.045761126
0.0016899999999998496 0.0016912274652288069 566918.045761126
0.0016949999999998494 0.0016962274652288067 566918.045761126
0.0016999999999998492 0.0017012274652288065 566918.045761126
0.001704999999999849 0.0017062274652288063 566918.045761126
0.0017099999999998488 0.001711227465228806 566918.045761126
0.0017149999999998486 0.0017162274652288059 566918.045761126
0.0017199999999998484 0.0017212274652288057 566918.045761126
0.0017249999999998482 0.0017262274652288054 566918.045761126
0.001729999999999848 0.0017312274652288052 566918.045761126
0.0017349999999998478 0.001736227465228805 566918.045761126
0.0017399999999998476 0.0017412274652288048 566918.045761126
0.0017449999999998474 0.0017462274652288046 566918.045761126
0.0017499999999998472 0.0017512274652288044 566918.045761126
0.001754999999999847 0.0017562274652288042 566918.045761126
0.0017599999999998468 0.001761227465228804 566918.045761126
0.0017649999999998466 0.0017662274652288038 566918.045761126
0.0017699999999998463 0.0017712274652288036 566918.045761126
0.0017749999999998461 0.0017762274652288034 566918.045761126
0.001779999999999846 0.0017812274652288032 566918.045761126
0.0017849999999998457 0.001786227465228803 566918.045761126
0.0017899999999998455 0.0017912274652288028 566918.045761126
0.0017949999999998453 0.0017962274652288026 566918.045761126
0.0017999999999998451 0.0018012274652288024 566918.045761126
0.001804999999999845 0.0018062274652288022 566918.045761126
0.0018099999999998447 0.001811227465228802 566918.045761126
0.0018149999999998445 0.0018162274652288018 566918.045761126
0.0018199999999998443 0.0018212274652288016 566918.045761126
0.001824999999999844 0.0018262274652288014 566918.045761126
0.001829999999999844 0.0018312274652288012 566918.045761126
0.0018349999999998437 0.001836227465228801 566918.045761126
0.0018399999999998435 0.0018412274652288008 566918.045761126
0.0018449999999998433 0.0018462274652288006 566918.045761126
0.001849999999999843 0.0018512274652288004 566918.045761126
0.0018549999999998429 0.0018562274652288002 566918.045761126
0.0018599999999998427 0.0018612274652288 566918.045761126
0.0018649999999998425 0.0018662274652287997 566918.045761126
0.0018699999999998423 0.0018712274652287995 566918.045761126
0.001874999999999842 0.0018762274652287993 566918.045761126
0.0018799999999998419 0.0018812274652287991 566918.045761126
0.0018849999999998417 0.001886227465228799 566918.045761126
0.0018899999999998415 0.0018912274652287987 566918.045761126
0.0018949999999998413 0.0018962274652287985 566918.045761126
0.001899999999999841 0.0019012274652287983 566918.045761126
0.0019049999999998408 0.0019062274652287981 566918.045761126
0.0019099999999998406 0.001911227465228798 566918.045761126
0.0019149999999998404 0.0019162274652287977 566918.045761126
0.0019199999999998402 0.0019212274652287975 566918.045761126
0.00192499999999984 0.0019262274652287973 566918.045761126
0.0019299999999998398 0.001931227465228797 566918.045761126
0.0019349999999998396 0.001936227465228797 566918.045761126
0.0019399999999998394 0.0019412274652287967 566918.045761126
0.0019449999999998392 0.0019462274652287965 566918.045761126
0.001949999999999839 0.0019512274652287963 566918.045761126
0.001954999999999839 0.0019562274652287956 566918.045761126
0.0019599999999998386 0.0019612274652287954 566918.045761126
0.0019649999999998384 0.0019662274652287952 566918.045761126
0.001969999999999838 0.001971227465228795 566918.045761126
0.001974999999999838 0.001976227465228795 566918.045761126
0.001979999999999838 0.0019812274652287946 566918.045761126
0.0019849999999998376 0.0019862274652287944 566918.045761126
0.0019899999999998374 0.0019912274652287942 566918.045761126
0.001994999999999837 0.001996227465228794 566918.045761126
0.001999999999999837 0.002001227465228794 566918.045761126
