-1e-05 -9.788235456754066e-06 566913.5050773643
-9.750000000000002e-06 -8.689911990571394e-06 566913.5063665493
-9.500000000000002e-06 -7.142810553455468e-06 566913.5095693266
-9.250000000000003e-06 -4.347761068874111e-06 566913.5229584228
-9.000000000000004e-06 9.51846762264481e-06 566914.017056201
-8.750000000000004e-06 3.080173535065508e-05 566915.02346451
-8.500000000000005e-06 4.892263955000263e-05 566915.8802579341
-8.250000000000006e-06 6.447505324214441e-05 566916.6155255983
-8.000000000000006e-06 7.793860603757757e-05 566917.2519516151
-7.750000000000007e-06 8.969647100149561e-05 566917.8076584948
-7.500000000000008e-06 0.00010002036980066564 566918.295496135
-7.2500000000000085e-06 0.00010912838318833962 566918.7257749094
-7.000000000000009e-06 0.00011720185687777173 566919.1070712182
-6.75000000000001e-06 0.00012437958641911754 566919.4459457932
-6.500000000000011e-06 0.00013077583542730282 566919.7477976427
-6.250000000000011e-06 0.00013649169963681772 566920.0174066941
-6.000000000000012e-06 0.00014160188983810027 566920.25830163
-5.750000000000013e-06 0.00014617385633811181 566920.4736686304
-5.500000000000013e-06 0.00015026462962833818 566920.6662015339
-5.250000000000014e-06 0.00015391910886586825 566920.8380215208
-5.000000000000015e-06 0.00015717940792838372 566920.9911177638
-4.7500000000000155e-06 0.00016007660536796842 566921.1269610921
-4.500000000000016e-06 0.00016263308266154273 566921.2466121089
-4.250000000000017e-06 0.00016487433771533936 566921.3512824352
-4.000000000000018e-06 0.00016681613222229954 566921.4417308398
-3.7500000000000183e-06 0.00016847003200885403 566921.5185219516
-3.500000000000019e-06 0.00016984284202944489 566921.5820106235
-3.2500000000000197e-06 0.00017094116672991793 566921.6325510264
-3.0000000000000204e-06 0.00017175586697293292 566921.6697853808
-2.750000000000021e-06 0.00017229059851445636 566921.6939729486
-2.500000000000022e-06 0.00017252567240457509 566921.7043304772
-2.2500000000000225e-06 0.00017245553614834983 566921.70076854
-2.000000000000023e-06 0.00017204862362773298 566921.682077321
-1.750000000000024e-06 0.00017128380655573625 566921.6476072746
-1.5000000000000246e-06 0.00017012756719907228 566921.5962694979
-1.2500000000000253e-06 0.00016853356461808987 566921.5265675861
-1.000000000000026e-06 0.0001664533891240971 566921.4371334527
-7.500000000000267e-07 0.00016383102129024018 566921.3265591739
-5.000000000000274e-07 0.00016059838218064932 566921.1932998048
-2.500000000000281e-07 0.0001566911513741584 566921.0364548978
-2.879912020664621e-20 0.0001520345422879544 566920.8552928701
2.499999999999705e-07 0.0001465685114829976 566920.6503683312
4.999999999999698e-07 0.00014024712911352838 566920.4235159451
7.499999999999691e-07 0.00013306166854821653 566920.1786054221
9.999999999999684e-07 0.00012505169055054727 566919.9215966124
1.2499999999999677e-06 0.00011632612224152725 566919.6606200332
1.499999999999967e-06 0.00010705549077865105 566919.4048652626
1.7499999999999663e-06 9.747770818184909e-05 566919.1637947226
1.9999999999999656e-06 8.786113802380599e-05 566918.9453371902
2.249999999999965e-06 7.847356630156416e-05 566918.75482894
2.499999999999964e-06 6.955063423485552e-05 566918.5945630562
2.7499999999999635e-06 6.126947408299957e-05 566918.4639761079
2.999999999999963e-06 5.373867453425314e-05 566918.3604152196
3.249999999999962e-06 4.7007171220296e-05 566918.2801238036
3.4999999999999614e-06 4.1072540332435515e-05 566918.2189858175
3.7499999999999607e-06 3.590095277627669e-05 566918.1731143433
3.99999999999996e-06 3.143463380161629e-05 566918.1390826171
4.249999999999959e-06 2.7606826483312306e-05 566918.1140652363
4.499999999999959e-06 2.4348149948934794e-05 566918.0958122141
4.749999999999958e-06 2.1591078689163804e-05 566918.0825800287
4.999999999999957e-06 1.9272626264210285e-05 566918.0730414161
5.2499999999999565e-06 1.7335621467934198e-05 566918.0662022176
5.499999999999956e-06 1.5730330797682558e-05 566918.0613272635
5.749999999999955e-06 1.4412289878648951e-05 566918.0578725536
5.999999999999954e-06 1.334386797947476e-05 566918.0554421274
6.249999999999954e-06 1.2492246027533803e-05 566918.053746088
6.499999999999953e-06 1.1829671897249462e-05 566918.0525750392
6.749999999999952e-06 1.1333163522585887e-05 566918.0517781292
6.999999999999952e-06 1.0980604766456784e-05 566918.051243689
7.249999999999951e-06 1.0753882340022315e-05 566918.0508930335
7.49999999999995e-06 1.0637141544089188e-05 566918.0506702198
7.74999999999995e-06 1.0610969582978614e-05 566918.0505315424
7.999999999999949e-06 1.0662596340779897e-05 566918.0504506778
8.249999999999948e-06 1.0776069797425806e-05 566918.0504069502
8.499999999999947e-06 1.0938621978459621e-05 566918.0503876305
8.749999999999947e-06 1.113998794064383e-05 566918.0503849168
8.999999999999946e-06 1.1369477273522237e-05 566918.0503925753
9.249999999999945e-06 1.1620812417486754e-05 566918.0504078901
9.499999999999945e-06 1.188862637575952e-05 566918.0504289818
9.749999999999944e-06 1.2167781670050904e-05 566918.0504539291
9.999999999999943e-06 1.2456068545948295e-05 566918.0504824682
1.0249999999999943e-05 1.2750162106588695e-05 566918.0505133944
