-1.25e-06 0.00024217536065271168 566925.2443753238
-1.0000000000000002e-06 0.00023888528204187614 566925.0436483792
-7.500000000000002e-07 0.00023485936927369923 566924.8026812989
-5.000000000000003e-07 0.0002299993377517605 566924.5182119185
-2.5000000000000036e-07 0.00022420798249847104 566924.1880238022
-4.235164736271502e-22 0.00021737104845564385 566923.8101365515
2.499999999999995e-07 0.00020940922854344616 566923.3859420539
4.999999999999994e-07 0.000200241396703536 566922.9182543166
7.499999999999994e-07 0.00018985420205806683 566922.4148431651
9.999999999999995e-07 0.0001782981307157516 566921.8874956819
1.2499999999999993e-06 0.00016571844894891816 566921.3522945257
