-2e-05 -1.5769418070787087e-05 566908.9674763792
-1.9500000000000003e-05 -1.4117188560406446e-05 566908.9729973152
-1.9000000000000004e-05 -1.194275490619889e-05 566908.9835696685
-1.8500000000000006e-05 -8.735587995094517e-06 566909.0092674373
-1.8000000000000007e-05 -2.325319174922197e-06 566909.1283549897
-1.750000000000001e-05 1.7308161180876677e-05 566910.2908439527
-1.700000000000001e-05 3.8832510140512377e-05 566911.729796497
-1.650000000000001e-05 5.856836772600004e-05 566913.049018843
-1.6000000000000013e-05 7.664030289290229e-05 566914.2568340069
-1.5500000000000014e-05 9.319765081318974e-05 566915.3632261924
-1.5000000000000016e-05 0.00010836494582273275 566916.376515088
-1.4500000000000017e-05 0.00012225018700616038 566917.3039144373
-1.4000000000000018e-05 0.00013495941588274437 566918.1525093563
-1.350000000000002e-05 0.00014658753187922707 566918.9286366741
-1.3000000000000021e-05 0.00015722205579421532 566919.6381387366
-1.2500000000000023e-05 0.000166936582288232 566920.2859284105
-1.2000000000000024e-05 0.00017580565622945125 566920.8769789961
-1.1500000000000025e-05 0.00018389267692465132 566921.4155189118
-1.1000000000000027e-05 0.00019125512010134135 566921.9053834671
-1.0500000000000028e-05 0.00019794208611020013 566922.3498454174
-1.000000000000003e-05 0.00020400402112015866 566922.7522675087
-9.500000000000031e-06 0.00020947601900648028 566923.1149941236
-9.000000000000032e-06 0.0002143973384716307 566923.4406515204
-8.500000000000034e-06 0.00021879360335940072 566923.7309589417
-8.000000000000035e-06 0.00022268954697382543 566923.987591709
-7.500000000000037e-06 0.0002261061167738167 566924.2119783581
-7.000000000000038e-06 0.00022905355852314337 566924.4048639523
-6.500000000000039e-06 0.00023154248386885953 566924.5670419232
-6.000000000000041e-06 0.00023357238816881844 566924.6986073725
-5.500000000000042e-06 0.00023514061373462082 566924.7995658919
-5.000000000000044e-06 0.0002362358185719412 566924.8694229336
-4.500000000000045e-06 0.00023683704519378916 566924.9071595664
-4.000000000000046e-06 0.00023692157660598574 566924.9117646775
-3.500000000000048e-06 0.00023644978453976175 566924.8813224438
-3.000000000000049e-06 0.00023537709210061998 566924.8138508413
-2.5000000000000506e-06 0.00023364861495914045 566924.7070334594
-2.000000000000052e-06 0.00023119473049564138 566924.558080461
-1.5000000000000534e-06 0.00022793757651036665 566924.364276372
-1.0000000000000548e-06 0.00022378641673422096 566924.122892234
-5.000000000000562e-07 0.00021864724987976983 566923.8319812627
-5.759824041329242e-20 0.0002124215180168138 566923.4905252025
4.99999999999941e-07 0.00020502986511897336 566923.0999576685
9.999999999999396e-07 0.00019640826579502124 566922.6639973752
1.4999999999999382e-06 0.00018655173811528634 566922.1907339292
1.999999999999937e-06 0.00017552279862482093 566921.6923191187
2.4999999999999354e-06 0.00016347262425807994 566921.1847641137
2.999999999999934e-06 0.00015065282387329807 566920.6867501914
3.4999999999999326e-06 0.00013738958296840448 566920.2166762231
3.999999999999931e-06 0.00012406714131169274 566919.7904937763
4.49999999999993e-06 0.00011106015756159539 566919.4187334201
4.999999999999928e-06 9.869593767734646e-05 566919.1059001406
5.499999999999927e-06 8.722124882373706e-05 566918.850949842
5.999999999999926e-06 7.679081185028229e-05 566918.6488115437
6.499999999999924e-06 6.747283325191067e-05 566918.4921595601
6.999999999999923e-06 5.926654712802587e-05 566918.3729964789
7.499999999999921e-06 5.21236516059244e-05 566918.2837012385
7.99999999999992e-06 4.5964995968008847e-05 566918.2175858155
8.499999999999919e-06 4.069713329447248e-05 566918.1691112734
8.999999999999917e-06 3.622265280059348e-05 566918.1338646386
9.499999999999916e-06 3.2445929289399716e-05 566918.108422759
9.999999999999914e-06 2.9277908854345425e-05 566918.0901813665
1.0499999999999913e-05 2.663643476858287e-05 566918.0771882628
1.0999999999999912e-05 2.4450493310345703e-05 566918.0680033047
1.149999999999991e-05 2.2655336417372237e-05 566918.0615616996
1.1999999999999909e-05 2.119696989179677e-05 566918.0570935813
1.2499999999999907e-05 2.0027869139119734e-05 566918.0540369744
1.2999999999999906e-05 1.9109233325183335e-05 566918.0519912698
1.3499999999999905e-05 1.8411153199705347e-05 566918.0506699289
1.3999999999999903e-05 1.7905263565999286e-05 566918.049859758
1.4499999999999902e-05 1.7567848302512324e-05 566918.0494032244
1.49999999999999e-05 1.738421151920283e-05 566918.0491909577
1.54999999999999e-05 1.7330884169001877e-05 566918.0491303088
1.5999999999999898e-05 1.73912948793494e-05 566918.0491582002
1.6499999999999896e-05 1.754619225613393e-05 566918.0492298537
1.6999999999999895e-05 1.7777203584215898e-05 566918.0493161937
1.7499999999999893e-05 1.8083418291464514e-05 566918.0494056953
1.7999999999999892e-05 1.842778499989536e-05 566918.0494815604
1.849999999999989e-05 1.882033078555976e-05 566918.0495469721
1.899999999999989e-05 1.9234260751187873e-05 566918.0495976384
1.9499999999999888e-05 1.966161832734279e-05 566918.0496360239
1.9999999999999886e-05 2.0128965993286952e-05 566918.0496677497
2.0499999999999885e-05 2.0596220447758288e-05 566918.0496906692
