-0.0001 -9.933483880812609e-05 566908.9609177042
-9.750000000000001e-05 -9.67078167259953e-05 566908.9618874345
-9.500000000000002e-05 -9.405434391510399e-05 566908.9630570741
-9.250000000000003e-05 -9.137470831884461e-05 566908.9644659515
-9.000000000000003e-05 -8.865739164368446e-05 566908.9661743656
-8.750000000000004e-05 -8.589784518371313e-05 566908.9682473242
-8.500000000000005e-05 -8.308868313038147e-05 566908.9707742066
-8.250000000000005e-05 -8.021745720132074e-05 566908.9738685174
-8.000000000000006e-05 -7.727348654595923e-05 566908.9776746348
-7.750000000000007e-05 -7.424003455462233e-05 566908.9823888969
-7.500000000000007e-05 -7.109805972533816e-05 566908.988267987
-7.250000000000008e-05 -6.782427200029247e-05 566908.9956665862
-7.000000000000009e-05 -6.438871241670378e-05 566909.0050684704
-6.75000000000001e-05 -6.075368848652619e-05 566909.0171661096
-6.50000000000001e-05 -5.687014743998304e-05 566909.0329583635
-6.250000000000011e-05 -5.267583116506814e-05 566909.0539276877
-6.000000000000012e-05 -4.8084871250101885e-05 566909.0823722634
-5.7500000000000124e-05 -4.2981523066098004e-05 566909.1219551873
-5.500000000000013e-05 -3.720082869127485e-05 566909.1788502319
-5.250000000000014e-05 -3.0502541264706734e-05 566909.2640070444
-5.0000000000000145e-05 -2.2506300331156894e-05 566909.3985990118
-4.750000000000015e-05 -1.2589029456908393e-05 566909.6274235446
-4.500000000000016e-05 3.7463227545817463e-07 566910.0580357533
-4.2500000000000166e-05 1.797250723787382e-05 566910.9240067807
-4.000000000000017e-05 3.874809354115845e-05 566912.2216320583
-3.750000000000018e-05 5.872772123267403e-05 566913.5287936223
-3.500000000000019e-05 7.700168151513216e-05 566914.7255694043
-3.2500000000000194e-05 9.362036057652066e-05 566915.8101914003
-3.00000000000002e-05 0.00010868347523767527 566916.7889227716
-2.7500000000000208e-05 0.0001222855486751602 566917.6680688871
-2.5000000000000215e-05 0.00013450755204541553 566918.453126603
-2.250000000000022e-05 0.00014540785615865348 566919.1481791713
-2.000000000000023e-05 0.00015503606228599464 566919.7568589158
-1.7500000000000236e-05 0.00016341655885530388 566920.2812997476
-1.5000000000000243e-05 0.00017056271272853908 566920.7231728808
-1.250000000000025e-05 0.00017646489998515046 566921.0829733381
-1.0000000000000257e-05 0.00018109866838353933 566921.3606943552
-7.500000000000264e-06 0.0001844217755743298 566921.5558123816
-5.000000000000271e-06 0.00018637687663417216 566921.6676239067
-2.5000000000002776e-06 0.0001868985189714377 566921.6959515507
-2.846030702774449e-19 0.0001859180766415132 566921.6416015663
2.4999999999997084e-06 0.00018337776350110316 566921.5074273444
4.999999999999701e-06 0.00017924806100894935 566921.2992595424
7.499999999999694e-06 0.00017354993809566937 566921.0268696838
9.999999999999687e-06 0.00016637531217110238 566920.7042989858
1.249999999999968e-05 0.0001579103273125027 566920.3497154637
1.4999999999999673e-05 0.00014843170395840974 566919.9835536346
1.7499999999999666e-05 0.00013830057603081593 566919.6264285288
1.999999999999966e-05 0.00012791755005181816 566919.2959113176
2.2499999999999666e-05 0.00011768175365750832 566919.0045854693
2.4999999999999645e-05 0.00010794096108330845 566918.7589262386
2.7499999999999625e-05 9.896280003654552e-05 566918.5598430892
2.999999999999963e-05 9.092072396625486e-05 566918.4040975504
3.249999999999964e-05 8.390621951454058e-05 566918.286069349
3.499999999999962e-05 7.793766244038865e-05 566918.1992295233
3.74999999999996e-05 7.29932308483818e-05 566918.1372588183
3.9999999999999603e-05 6.901862032220885e-05 566918.0945363216
4.249999999999961e-05 6.594969747326626e-05 566918.066379452
4.499999999999959e-05 6.37192602834244e-05 566918.0489919987
4.749999999999957e-05 6.225586056750828e-05 566918.0393248231
4.9999999999999575e-05 6.148903454143801e-05 566918.0349468412
5.249999999999958e-05 6.133811903028053e-05 566918.0339519124
5.499999999999956e-05 6.172709909793186e-05 566918.0349203455
5.749999999999954e-05 6.257077323274035e-05 566918.0368394948
5.999999999999955e-05 6.379246286220455e-05 566918.0390630242
6.249999999999955e-05 6.531689984406086e-05 566918.0412074385
6.499999999999953e-05 6.708069031436044e-05 566918.0430949051
6.749999999999951e-05 6.903177034331091e-05 566918.0446603858
6.999999999999952e-05 7.112525110808503e-05 566918.045913941
7.249999999999953e-05 7.332212675312464e-05 566918.046884249
7.49999999999995e-05 7.559878050583506e-05 566918.0476248122
7.749999999999948e-05 7.793832147308173e-05 566918.0481856096
7.999999999999949e-05 8.031792458908422e-05 566918.0486009812
8.24999999999995e-05 8.273167695675021e-05 566918.0489098877
8.499999999999948e-05 8.516867761744837e-05 566918.0491365091
8.749999999999946e-05 8.762365001465542e-05 566918.0493041525
8.999999999999946e-05 9.008942875888401e-05 566918.0494262041
9.249999999999947e-05 9.256632322010962e-05 566918.0495162011
9.499999999999945e-05 9.504792475324817e-05 566918.0495808119
9.749999999999943e-05 9.75328008349586e-05 566918.0496280194
9.999999999999944e-05 0.00010002617909146818 566918.049662697
