-5e-05 -4.863694330725748e-05 566908.9613951644
-4.8750000000000006e-05 -4.7119095753989685e-05 566908.9625753186
-4.750000000000001e-05 -4.554299340617972e-05 566908.9640539661
-4.625000000000001e-05 -4.390355718242146e-05 566908.9659135304
-4.5000000000000016e-05 -4.217745047855863e-05 566908.9682907667
-4.375000000000002e-05 -4.034644906622011e-05 566908.97136571
-4.250000000000002e-05 -3.8386273135811116e-05 566908.9754043731
-4.125000000000003e-05 -3.625802522145052e-05 566908.9808232622
-4.000000000000003e-05 -3.391424445315489e-05 566908.9882710221
-3.8750000000000034e-05 -3.1282784075291296e-05 566908.9988463265
-3.750000000000004e-05 -2.8257018839275843e-05 566909.0145069702
-3.625000000000004e-05 -2.466813940721025e-05 566909.0390663719
-3.5000000000000044e-05 -2.0220200223034637e-05 566909.0809207741
-3.375000000000005e-05 -1.4331742606822032e-05 566909.1620996019
-3.250000000000005e-05 -5.619485688869533e-06 566909.3591806401
-3.1250000000000055e-05 9.939085368380558e-06 566910.0581949869
-3.000000000000006e-05 3.177334986706413e-05 566911.4820470124
-2.8750000000000062e-05 5.2232967415544914e-05 566912.8444531605
-2.7500000000000065e-05 7.094492344270333e-05 566914.0895566
-2.625000000000007e-05 8.803905779460919e-05 566915.225868649
-2.5000000000000072e-05 0.00010365097810327045 566916.262419063
-2.3750000000000076e-05 0.0001178847073619188 566917.2061334526
-2.250000000000008e-05 0.00013084994326089948 566918.0643103963
-2.1250000000000083e-05 0.0001426341270949 566918.8427748992
-2.0000000000000086e-05 0.0001533187719507902 566919.5469549316
-1.875000000000009e-05 0.0001629785873735186 566920.1818399337
-1.7500000000000093e-05 0.00017167132757296114 566920.7513011456
-1.6250000000000097e-05 0.0001794528217838582 566921.2591097964
-1.50000000000001e-05 0.00018636378864874903 566921.7080611745
-1.3750000000000104e-05 0.0001924362521784013 566922.1004291113
-1.2500000000000107e-05 0.00019769443163371206 566922.4380338377
-1.125000000000011e-05 0.00020214820916588508 566922.7218430549
-1.0000000000000114e-05 0.00020579925230532705 566922.9524253397
-8.750000000000118e-06 0.00020863424430547786 566923.129540276
-7.500000000000121e-06 0.0002106301271662095 566923.2525722372
-6.250000000000125e-06 0.00021174734039689403 566923.3201724027
-5.000000000000128e-06 0.0002119345672773407 566923.3306985226
-3.750000000000132e-06 0.00021112686303259259 566923.2822529665
-2.5000000000001353e-06 0.00020924721637456648 566923.1729602978
-1.2500000000001388e-06 0.00020621343465313338 566923.0016233429
-1.4230153513872246e-19 0.0002019406410441103 566922.7680604236
1.2499999999998542e-06 0.0001963563349023728 566922.474177032
2.4999999999998507e-06 0.000189414947203504 566922.1247603444
3.749999999999847e-06 0.00018112245572094544 566921.7285353731
4.999999999999844e-06 0.0001715537636806987 566921.2983399619
6.24999999999984e-06 0.00016087571702906196 566920.8509799693
7.499999999999837e-06 0.00014934748378220237 566920.4055525053
8.749999999999833e-06 0.00013731038322140404 566919.9811921339
9.99999999999983e-06 0.00012514655886896383 566919.594031474
1.1249999999999833e-05 0.00011323719231426953 566919.2552218066
1.2499999999999823e-05 0.00010191299922858316 566918.9698814341
1.3749999999999812e-05 9.142556139751063e-05 566918.7376729376
1.4999999999999816e-05 8.19339128708055e-05 566918.5542357159
1.624999999999982e-05 7.351447006983898e-05 566918.412962766
1.749999999999981e-05 6.617188555401806e-05 566918.3064597877
1.87499999999998e-05 5.986580334185516e-05 566918.2276369757
1.9999999999999802e-05 5.452250952809898e-05 566918.1702265512
2.1249999999999805e-05 5.0054017290477554e-05 566918.1290307966
2.2499999999999795e-05 4.6368726617879276e-05 566918.0999177131
2.3749999999999784e-05 4.3377052986878904e-05 566918.0796998935
2.4999999999999788e-05 4.099912086029596e-05 566918.0659741453
2.624999999999979e-05 3.9162112213197985e-05 566918.056948812
2.749999999999978e-05 3.780851453195942e-05 566918.0513068823
2.874999999999977e-05 3.6883760083650566e-05 566918.0480493882
2.9999999999999774e-05 3.6342448050541085e-05 566918.0464289609
3.124999999999978e-05 3.613771112086308e-05 566918.0458672399
3.249999999999977e-05 3.622536550499249e-05 566918.0459416597
3.3749999999999756e-05 3.6563914429135394e-05 566918.0463500158
3.499999999999976e-05 3.710833097592108e-05 566918.0468899874
3.624999999999976e-05 3.781593251166939e-05 566918.0474359895
3.749999999999975e-05 3.865817216624188e-05 566918.0479332111
3.874999999999974e-05 3.960398865319021e-05 566918.0483548588
3.9999999999999746e-05 4.0625860731318195e-05 566918.0486934645
4.124999999999975e-05 4.1707209555286385e-05 566918.0489592121
4.249999999999974e-05 4.283146895940158e-05 566918.0491623727
4.374999999999973e-05 4.39954835490909e-05 566918.0493183668
4.499999999999973e-05 4.517754980203565e-05 566918.0494337673
4.6249999999999735e-05 4.63821586184627e-05 566918.0495203554
4.7499999999999725e-05 4.7595499387612406e-05 566918.0495830224
4.8749999999999715e-05 4.881548176523396e-05 566918.0496290445
4.999999999999972e-05 5.005226120017569e-05 566918.0496633647
