-0.002 -0.001911181613667363 566911.9060643015
-0.0019950000000000002 -0.0019061816136673626 566911.9060643015
-0.0019900000000000004 -0.0019011816136673635 566911.9060643015
-0.0019850000000000007 -0.001896181613667363 566911.9060643015
-0.001980000000000001 -0.0018911816136673635 566911.9060643015
-0.001975000000000001 -0.0018861816136673635 566911.9060643015
-0.0019700000000000013 -0.0018811816136673635 566911.9060643015
-0.0019650000000000015 -0.0018761816136673637 566911.9060643015
-0.0019600000000000017 -0.0018711816136673639 566911.9060643015
-0.001955000000000002 -0.0018661816136673645 566911.9060643015
-0.001950000000000002 -0.0018611816136673643 566911.9060643015
-0.0019450000000000023 -0.0018561816136673645 566911.9060643015
-0.0019400000000000025 -0.0018511816136673647 566911.9060643015
-0.0019350000000000027 -0.0018461816136673649 566911.9060643015
-0.001930000000000003 -0.001841181613667365 566911.9060643015
-0.001925000000000003 -0.0018361816136673653 566911.9060643015
-0.0019200000000000033 -0.0018311816136673655 566911.9060643015
-0.0019150000000000035 -0.0018261816136673657 566911.9060643015
-0.0019100000000000037 -0.001821181613667366 566911.9060643015
-0.001905000000000004 -0.001816181613667366 566911.9060643015
-0.0019000000000000041 -0.0018111816136673663 566911.9060643015
-0.0018950000000000043 -0.0018061816136673665 566911.9060643015
-0.0018900000000000045 -0.0018011816136673667 566911.9060643015
-0.0018850000000000047 -0.001796181613667367 566911.9060643015
-0.001880000000000005 -0.0017911816136673671 566911.9060643015
-0.0018750000000000051 -0.0017861816136673673 566911.9060643015
-0.0018700000000000053 -0.0017811816136673675 566911.9060643015
-0.0018650000000000055 -0.0017761816136673677 566911.9060643015
-0.0018600000000000057 -0.001771181613667368 566911.9060643015
-0.001855000000000006 -0.0017661816136673681 566911.9060643015
-0.0018500000000000062 -0.0017611816136673683 566911.9060643015
-0.0018450000000000064 -0.0017561816136673685 566911.9060643015
-0.0018400000000000066 -0.0017511816136673687 566911.9060643015
-0.0018350000000000068 -0.001746181613667369 566911.9060643015
-0.001830000000000007 -0.0017411816136673692 566911.9060643015
-0.0018250000000000072 -0.0017361816136673694 566911.9060643015
-0.0018200000000000074 -0.0017311816136673696 566911.9060643015
-0.0018150000000000076 -0.0017261816136673698 566911.9060643015
-0.0018100000000000078 -0.00172118161366737 566911.9060643015
-0.001805000000000008 -0.0017161816136673702 566911.9060643015
-0.0018000000000000082 -0.0017111816136673704 566911.9060643015
-0.0017950000000000084 -0.0017061816136673706 566911.9060643015
-0.0017900000000000086 -0.0017011816136673708 566911.9060643015
-0.0017850000000000088 -0.001696181613667371 566911.9060643015
-0.001780000000000009 -0.0016911816136673712 566911.9060643015
-0.0017750000000000092 -0.0016861816136673714 566911.9060643015
-0.0017700000000000094 -0.0016811816136673716 566911.9060643015
-0.0017650000000000096 -0.0016761816136673718 566911.9060643015
-0.0017600000000000098 -0.001671181613667372 566911.9060643015
-0.00175500000000001 -0.0016661816136673722 566911.9060643015
-0.0017500000000000102 -0.0016611816136673724 566911.9060643015
-0.0017450000000000104 -0.0016561816136673726 566911.9060643015
-0.0017400000000000106 -0.0016511816136673728 566911.9060643015
-0.0017350000000000108 -0.001646181613667373 566911.9060643015
-0.001730000000000011 -0.0016411816136673732 566911.9060643015
-0.0017250000000000112 -0.0016361816136673734 566911.9060643015
-0.0017200000000000115 -0.0016311816136673736 566911.9060643015
-0.0017150000000000117 -0.0016261816136673738 566911.9060643015
-0.0017100000000000119 -0.001621181613667374 566911.9060643015
-0.001705000000000012 -0.0016161816136673742 566911.9060643015
-0.0017000000000000123 -0.0016111816136673745 566911.9060643015
-0.0016950000000000125 -0.0016061816136673747 566911.9060643015
-0.0016900000000000127 -0.0016011816136673749 566911.9060643015
-0.0016850000000000129 -0.001596181613667375 566911.9060643015
-0.001680000000000013 -0.0015911816136673753 566911.9060643015
-0.0016750000000000133 -0.0015861816136673755 566911.9060643015
-0.0016700000000000135 -0.0015811816136673757 566911.9060643015
-0.0016650000000000137 -0.0015761816136673759 566911.9060643015
-0.001660000000000014 -0.001571181613667376 566911.9060643015
-0.001655000000000014 -0.0015661816136673763 566911.9060643015
-0.0016500000000000143 -0.0015611816136673765 566911.9060643015
-0.0016450000000000145 -0.0015561816136673767 566911.9060643015
-0.0016400000000000147 -0.001551181613667377 566911.9060643015
-0.001635000000000015 -0.001546181613667377 566911.9060643015
-0.0016300000000000151 -0.0015411816136673773 566911.9060643015
-0.0016250000000000153 -0.0015361816136673775 566911.9060643015
-0.0016200000000000155 -0.0015311816136673777 566911.9060643015
-0.0016150000000000157 -0.001526181613667378 566911.9060643015
-0.001610000000000016 -0.0015211816136673781 566911.9060643015
-0.0016050000000000161 -0.0015161816136673783 566911.9060643015
-0.0016000000000000163 -0.0015111816136673785 566911.9060643015
-0.0015950000000000165 -0.0015061816136673787 566911.9060643015
-0.0015900000000000167 -0.001501181613667379 566911.9060643015
-0.001585000000000017 -0.0014961816136673791 566911.9060643015
-0.0015800000000000172 -0.0014911816136673793 566911.9060643015
-0.0015750000000000174 -0.0014861816136673795 566911.9060643015
-0.0015700000000000176 -0.0014811816136673797 566911.9060643015
-0.0015650000000000178 -0.00147618161366738 566911.9060643015
-0.001560000000000018 -0.0014711816136673802 566911.9060643015
-0.0015550000000000182 -0.0014661816136673804 566911.9060643015
-0.0015500000000000184 -0.0014611816136673806 566911.9060643015
-0.0015450000000000186 -0.0014561816136673808 566911.9060643015
-0.0015400000000000188 -0.001451181613667381 566911.9060643015
-0.001535000000000019 -0.0014461816136673812 566911.9060643015
-0.0015300000000000192 -0.0014411816136673814 566911.9060643015
-0.0015250000000000194 -0.0014361816136673816 566911.9060643015
-0.0015200000000000196 -0.0014311816136673818 566911.9060643015
-0.0015150000000000198 -0.001426181613667382 566911.9060643015
-0.00151000000000002 -0.0014211816136673822 566911.9060643015
-0.0015050000000000202 -0.0014161816136673824 566911.9060643015
-0.0015000000000000204 -0.0014111816136673826 566911.9060643015
-0.0014950000000000206 -0.0014061816136673828 566911.9060643015
-0.0014900000000000208 -0.001401181613667383 566911.9060643015
-0.001485000000000021 -0.0013961816136673832 566911.9060643015
-0.0014800000000000212 -0.0013911816136673834 566911.9060643015
-0.0014750000000000214 -0.0013861816136673836 566911.9060643015
-0.0014700000000000216 -0.0013811816136673838 566911.9060643015
-0.0014650000000000218 -0.001376181613667384 566911.9060643015
-0.001460000000000022 -0.0013711816136673842 566911.9060643015
-0.0014550000000000222 -0.0013661816136673844 566911.9060643015
-0.0014500000000000225 -0.0013611816136673846 566911.9060643015
-0.0014450000000000227 -0.0013561816136673848 566911.9060643015
-0.0014400000000000229 -0.001351181613667385 566911.9060643015
-0.001435000000000023 -0.0013461816136673853 566911.9060643015
-0.0014300000000000233 -0.0013411816136673855 566911.9060643015
-0.0014250000000000235 -0.0013361816136673857 566911.9060643015
-0.0014200000000000237 -0.0013311816136673859 566911.9060643015
-0.0014150000000000239 -0.001326181613667386 566911.9060643015
-0.001410000000000024 -0.0013211816136673863 566911.9060643015
-0.0014050000000000243 -0.0013161816136673865 566911.9060643015
-0.0014000000000000245 -0.0013111816136673867 566911.9060643015
-0.0013950000000000247 -0.0013061816136673869 566911.9060643015
-0.001390000000000025 -0.001301181613667387 566911.9060643015
-0.001385000000000025 -0.0012961816136673873 566911.9060643015
-0.0013800000000000253 -0.0012911816136673875 566911.9060643015
-0.0013750000000000255 -0.0012861816136673877 566911.9060643015
-0.0013700000000000257 -0.001281181613667388 566911.9060643015
-0.001365000000000026 -0.001276181613667388 566911.9060643015
-0.0013600000000000261 -0.0012711816136673883 566911.9060643015
-0.0013550000000000263 -0.0012661816136673885 566911.9060643015
-0.0013500000000000265 -0.0012611816136673887 566911.9060643015
-0.0013450000000000267 -0.001256181613667389 566911.9060643015
-0.001340000000000027 -0.0012511816136673891 566911.9060643015
-0.0013350000000000271 -0.0012461816136673893 566911.9060643015
-0.0013300000000000273 -0.0012411816136673895 566911.9060643015
-0.0013250000000000275 -0.0012361816136673897 566911.9060643015
-0.0013200000000000277 -0.00123118161366739 566911.9060643015
-0.001315000000000028 -0.0012261816136673901 566911.9060643015
-0.0013100000000000282 -0.0012211816136673903 566911.9060643015
-0.0013050000000000284 -0.0012161816136673905 566911.9060643015
-0.0013000000000000286 -0.0012111816136673908 566911.9060643015
-0.0012950000000000288 -0.001206181613667391 566911.9060643015
-0.001290000000000029 -0.0012011816136673912 566911.9060643015
-0.0012850000000000292 -0.0011961816136673914 566911.9060643015
-0.0012800000000000294 -0.0011911816136673916 566911.9060643015
-0.0012750000000000296 -0.0011861816136673918 566911.9060643015
-0.0012700000000000298 -0.001181181613667392 566911.9060643015
-0.00126500000000003 -0.0011761816136673922 566911.9060643015
-0.0012600000000000302 -0.0011711816136673924 566911.9060643015
-0.0012550000000000304 -0.0011661816136673926 566911.9060643015
-0.0012500000000000306 -0.0011611816136673928 566911.9060643015
-0.0012450000000000308 -0.001156181613667393 566911.9060643015
-0.001240000000000031 -0.0011511816136673932 566911.9060643015
-0.0012350000000000312 -0.0011461816136673934 566911.9060643015
-0.0012300000000000314 -0.0011411816136673936 566911.9060643015
-0.0012250000000000316 -0.0011361816136673938 566911.9060643015
-0.0012200000000000318 -0.001131181613667394 566911.9060643015
-0.001215000000000032 -0.0011261816136673942 566911.9060643015
-0.0012100000000000322 -0.0011211816136673944 566911.9060643015
-0.0012050000000000324 -0.0011161816136673946 566911.9060643015
-0.0012000000000000326 -0.0011111816136673948 566911.9060643015
-0.0011950000000000328 -0.001106181613667395 566911.9060643015
-0.001190000000000033 -0.0011011816136673952 566911.9060643015
-0.0011850000000000332 -0.0010961816136673954 566911.9060643015
-0.0011800000000000335 -0.0010911816136673956 566911.9060643015
-0.0011750000000000337 -0.0010861816136673958 566911.9060643015
-0.0011700000000000339 -0.001081181613667396 566911.9060643015
-0.001165000000000034 -0.0010761816136673963 566911.9060643015
-0.0011600000000000343 -0.0010711816136673965 566911.9060643015
-0.0011550000000000345 -0.0010661816136673967 566911.9060643015
-0.0011500000000000347 -0.0010611816136673969 566911.9060643015
-0.0011450000000000349 -0.001056181613667397 566911.9060643015
-0.001140000000000035 -0.0010511816136673973 566911.9060643015
-0.0011350000000000353 -0.0010461816136673975 566911.9060643015
-0.0011300000000000355 -0.0010411816136673977 566911.9060643015
-0.0011250000000000357 -0.0010361816136673979 566911.9060643015
-0.001120000000000036 -0.001031181613667398 566911.9060643015
-0.001115000000000036 -0.0010261816136673983 566911.9060643015
-0.0011100000000000363 -0.0010211816136673985 566911.9060643015
-0.0011050000000000365 -0.0010161816136673987 566911.9060643015
-0.0011000000000000367 -0.001011181613667399 566911.9060643015
-0.001095000000000037 -0.001006181613667399 566911.9060643015
-0.0010900000000000371 -0.0010011816136673993 566911.9060643015
-0.0010850000000000373 -0.0009961816136673995 566911.9060643015
-0.0010800000000000375 -0.0009911816136673997 566911.9060643015
-0.0010750000000000377 -0.0009861816136674 566911.9060643015
-0.001070000000000038 -0.0009811816136674001 566911.9060643015
-0.0010650000000000381 -0.0009761816136674003 566911.9060643015
-0.0010600000000000383 -0.0009711816136674005 566911.9060643015
-0.0010550000000000385 -0.0009661816136674006 566911.9060643015
-0.0010500000000000387 -0.0009611816136674009 566911.9060643015
-0.001045000000000039 -0.000956181613667401 566911.9060643015
-0.0010400000000000392 -0.0009511816136674013 566911.9060643015
-0.0010350000000000394 -0.0009461816136674017 566911.9060643015
-0.0010300000000000396 -0.0009411816136674018 566911.9060643015
-0.0010250000000000398 -0.000936181613667402 566911.9060643015
-0.00102000000000004 -0.0009311816136674023 566911.9060643015
-0.0010150000000000402 -0.0009261816136674025 566911.9060643015
-0.0010100000000000404 -0.0009211816136674027 566911.9060643015
-0.0010050000000000406 -0.0009161816136674029 566911.9060643015
-0.0010000000000000408 -0.0009111816136674032 566911.9060643015
-0.000995000000000041 -0.0009061816136674035 566911.9060643015
-0.0009900000000000412 -0.0009011816136674035 566911.9060643015
-0.0009850000000000414 -0.0008961816136674037 566911.9060643015
-0.0009800000000000416 -0.000891181613667404 566911.9060643015
-0.0009750000000000418 -0.0008861816136674042 566911.9060643015
-0.000970000000000042 -0.0008811816136674044 566911.9060643015
-0.0009650000000000422 -0.0008761816136674046 566911.9060643015
-0.0009600000000000424 -0.0008711816136674048 566911.9060643015
-0.0009550000000000426 -0.000866181613667405 566911.9060643015
-0.0009500000000000428 -0.0008611816136674052 566911.9060643015
-0.000945000000000043 -0.0008561816136674054 566911.9060643015
-0.0009400000000000432 -0.0008511816136674056 566911.9060643015
-0.0009350000000000434 -0.0008461816136674058 566911.9060643015
-0.0009300000000000436 -0.000841181613667406 566911.9060643015
-0.0009250000000000438 -0.0008361816136674062 566911.9060643015
-0.000920000000000044 -0.0008311816136674065 566911.9060643015
-0.0009150000000000443 -0.0008261816136674067 566911.9060643015
-0.0009100000000000445 -0.0008211816136674069 566911.9060643015
-0.0009050000000000447 -0.0008161816136674071 566911.9060643015
-0.0009000000000000449 -0.0008111816136674073 566911.9060643015
-0.0008950000000000451 -0.0008061816136674075 566911.9060643015
-0.0008900000000000453 -0.0008011816136674077 566911.9060643015
-0.0008850000000000455 -0.0007961816136674079 566911.9060643015
-0.0008800000000000457 -0.0007911816136674081 566911.9060643015
-0.0008750000000000459 -0.0007861816136674083 566911.9060643015
-0.0008700000000000461 -0.0007811816136674085 566911.9060643015
-0.0008650000000000463 -0.0007761816136674087 566911.9060643015
-0.0008600000000000465 -0.0007711816136674089 566911.9060643015
-0.0008550000000000467 -0.0007661816136674091 566911.9060643015
-0.0008500000000000469 -0.0007611816136674093 566911.9060643015
-0.0008450000000000471 -0.0007561816136674095 566911.9060643015
-0.0008400000000000473 -0.0007511816136674097 566911.9060643015
-0.0008350000000000475 -0.0007461816136674099 566911.9060643015
-0.0008300000000000477 -0.0007411816136674101 566911.9060643015
-0.0008250000000000479 -0.0007361816136674103 566911.9060643015
-0.0008200000000000481 -0.0007311816136674105 566911.9060643015
-0.0008150000000000483 -0.0007261816136674107 566911.9060643015
-0.0008100000000000485 -0.0007211816136674109 566911.9060643015
-0.0008050000000000487 -0.0007161816136674111 566911.9060643015
-0.0008000000000000489 -0.0007111816136674113 566911.9060643015
-0.0007950000000000491 -0.0007061816136674115 566911.9060643015
-0.0007900000000000493 -0.0007011816136674117 566911.9060643015
-0.0007850000000000495 -0.000696181613667412 566911.9060643015
-0.0007800000000000498 -0.0006911816136674122 566911.9060643015
-0.00077500000000005 -0.0006861816136674124 566911.9060643015
-0.0007700000000000502 -0.0006811816136674126 566911.9060643015
-0.0007650000000000504 -0.0006761816136674128 566911.9060643015
-0.0007600000000000506 -0.000671181613667413 566911.9060643015
-0.0007550000000000508 -0.0006661816136674132 566911.9060643015
-0.000750000000000051 -0.0006611816136674134 566911.9060643015
-0.0007450000000000512 -0.0006561816136674136 566911.9060643015
-0.0007400000000000514 -0.0006511816136674138 566911.9060643015
-0.0007350000000000516 -0.000646181613667414 566911.9060643015
-0.0007300000000000518 -0.0006411816136674142 566911.9060643015
-0.000725000000000052 -0.0006361816136674144 566911.9060643015
-0.0007200000000000522 -0.0006311816136674146 566911.9060643015
-0.0007150000000000524 -0.0006261816136674148 566911.9060643015
-0.0007100000000000526 -0.000621181613667415 566911.9060643015
-0.0007050000000000528 -0.0006161816136674152 566911.9060643015
-0.000700000000000053 -0.0006111816136674154 566911.9060643015
-0.0006950000000000532 -0.0006061816136674156 566911.9060643015
-0.0006900000000000534 -0.0006011816136674158 566911.9060643015
-0.0006850000000000536 -0.000596181613667416 566911.9060643015
-0.0006800000000000538 -0.0005911816136674162 566911.9060643015
-0.000675000000000054 -0.0005861816136674164 566911.9060643015
-0.0006700000000000542 -0.0005811816136674166 566911.9060643015
-0.0006650000000000544 -0.0005761816136674168 566911.9060643015
-0.0006600000000000546 -0.000571181613667417 566911.9060643015
-0.0006550000000000548 -0.0005661816136674172 566911.9060643015
-0.000650000000000055 -0.0005611816136674175 566911.9060643015
-0.0006450000000000553 -0.0005561816136674177 566911.9060643015
-0.0006400000000000555 -0.0005511816136674179 566911.9060643015
-0.0006350000000000557 -0.0005461816136674181 566911.9060643015
-0.0006300000000000559 -0.0005411816136674183 566911.9060643015
-0.0006250000000000561 -0.0005361816136674185 566911.9060643015
-0.0006200000000000563 -0.0005311816136674187 566911.9060643015
-0.0006150000000000565 -0.0005261816136674189 566911.9060643015
-0.0006100000000000567 -0.0005211816136674191 566911.9060643015
-0.0006050000000000569 -0.0005161816136674193 566911.9060643015
-0.0006000000000000571 -0.0005111816136674195 566911.9060643015
-0.0005950000000000573 -0.0005061816136674197 566911.9060643015
-0.0005900000000000575 -0.0005011816136674199 566911.9060643015
-0.0005850000000000577 -0.0004961816136674201 566911.9060643015
-0.0005800000000000579 -0.0004911816136674203 566911.9060643015
-0.0005750000000000581 -0.0004861816136674206 566911.9060643015
-0.0005700000000000583 -0.0004811816136674208 566911.9060643015
-0.0005650000000000585 -0.00047618161366742097 566911.9060643015
-0.0005600000000000587 -0.00047118161366742123 566911.9060643015
-0.0005550000000000589 -0.00046618161366742143 566911.9060643015
-0.0005500000000000591 -0.0004611816136674215 566911.9060643015
-0.0005450000000000593 -0.00045618161366742184 566911.9060643015
-0.0005400000000000595 -0.00045118161366742193 566911.9060643015
-0.0005350000000000597 -0.0004461816136674222 566911.9060643015
-0.0005300000000000599 -0.0004411816136674223 566911.9060643015
-0.0005250000000000601 -0.00043618161366742255 566911.9060643015
-0.0005200000000000603 -0.0004311816136674228 566911.9060643015
-0.0005150000000000605 -0.00042618161366742306 566911.9060643015
-0.0005100000000000608 -0.0004211816136674232 566911.9060643015
-0.000505000000000061 -0.00041618161366742347 566911.9060643015
-0.0005000000000000612 -0.0004111816136674237 566911.9060643015
-0.0004950000000000614 -0.00040618161366742393 566911.9060643015
-0.0004900000000000616 -0.00040118161366742397 566911.9060643015
-0.00048500000000006177 -0.0003961816136674242 566911.9060643015
-0.000480000000000062 -0.0003911816136674244 566911.9060643015
-0.0004750000000000622 -0.0003861816136674246 566911.9060643015
-0.0004700000000000624 -0.0003811816136674248 566911.9060643015
-0.0004650000000000626 -0.000376181613667425 566911.9060643015
-0.0004600000000000628 -0.0003711816136674252 566911.9060643015
-0.000455000000000063 -0.0003661816136674254 566911.9060643015
-0.0004500000000000632 -0.0003611816136674256 566911.9060643015
-0.0004450000000000634 -0.0003561816136674258 566911.9060643015
-0.0004400000000000636 -0.000351181613667426 566911.9060643015
-0.0004350000000000638 -0.0003461816136674262 566911.9060643015
-0.000430000000000064 -0.0003411816136674264 566911.9060643015
-0.0004250000000000642 -0.0003361816136674266 566911.9060643015
-0.0004200000000000644 -0.0003311816136674268 566911.9060643015
-0.0004150000000000646 -0.00032618161366742703 566911.9060643015
-0.0004100000000000648 -0.00032118161366742723 566911.9060643015
-0.00040500000000006503 -0.00031618161366742743 566911.9060643015
-0.00040000000000006523 -0.00031118161366742764 566911.9060643015
-0.00039500000000006544 -0.00030618161366742784 566911.9060643015
-0.00039000000000006564 -0.00030118161366742805 566911.9060643015
-0.00038500000000006585 -0.00029618161366742825 566911.9060643015
-0.00038000000000006605 -0.00029118161366742845 566911.9060643015
-0.00037500000000006625 -0.00028618161366742866 566911.9060643015
-0.00037000000000006646 -0.00028118161366742886 566911.9060643015
-0.00036500000000006666 -0.00027618161366742906 566911.9060643015
-0.00036000000000006686 -0.00027118161366742927 566911.9060643015
-0.00035500000000006707 -0.00026618161366742947 566911.9060643015
-0.00035000000000006727 -0.0002611816136674297 566911.9060643015
-0.0003450000000000675 -0.0002561816136674299 566911.9060643015
-0.0003400000000000677 -0.0002511816136674301 566911.9060643015
-0.0003350000000000679 -0.0002461816136674303 566911.9060643015
-0.0003300000000000681 -0.00024118161366743044 566911.9060643015
-0.0003250000000000683 -0.00023618161366743067 566911.9060643015
-0.0003200000000000685 -0.00023118161366743095 566911.9060643015
-0.0003150000000000687 -0.00022618161366743116 566911.9060643015
-0.0003100000000000689 -0.00022118161366743128 566911.9060643015
-0.0003050000000000691 -0.00021618161366743143 566911.9060643015
-0.0003000000000000693 -0.00021118161366743177 566911.9060643015
-0.0002950000000000695 -0.00020618161366743192 566911.9060643015
-0.0002900000000000697 -0.000201181613667432 566911.9060643015
-0.0002850000000000699 -0.00019618161366743232 566911.9060643015
-0.0002800000000000701 -0.00019118161366743255 566911.9060643015
-0.0002750000000000703 -0.00018618161366743262 566911.9060643015
-0.00027000000000007053 -0.00018118161366743296 566911.9060643015
-0.00026500000000007073 -0.0001761816136674331 566911.9060643015
-0.00026000000000007094 -0.00017118161366743334 566911.9060643015
-0.00025500000000007114 -0.00016618161366743347 566911.9060643015
-0.00025000000000007135 -0.00016118161366743378 566911.9060643015
-0.00024500000000007155 -0.00015618161366743393 566911.9060643015
-0.00024000000000007175 -0.00015118161366743408 566911.9060643015
-0.00023500000000007196 -0.00014618161366743428 566911.9060643015
-0.00023000000000007216 -0.00014118161366743448 566911.9060643015
-0.00022500000000007236 -0.0001361816136674347 566911.9060643015
-0.00022000000000007257 -0.0001311816136674349 566911.9060643015
-0.00021500000000007277 -0.0001261816136674351 566911.9060643015
-0.00021000000000007298 -0.00012118161366743529 566911.9060643015
-0.00020500000000007318 -0.0001161816136674355 566911.9060643015
-0.00020000000000007338 -0.0001111816136674357 566911.9060643015
-0.0001950000000000736 -0.00010618161366743583 566911.9060643015
-0.0001900000000000738 -0.00010118161366743611 566911.9060643015
-0.000185000000000074 -9.618161366743632e-05 566911.9060643015
-0.0001800000000000742 -9.118161366743651e-05 566911.9060643015
-0.0001750000000000744 -8.618161366743666e-05 566911.9060643015
-0.0001700000000000746 -8.118161366743693e-05 566911.9060643015
-0.0001650000000000748 -7.618161366743713e-05 566911.9060643015
-0.000160000000000075 -7.118161366743727e-05 566911.9060643015
-0.00015500000000007522 -6.618161366743754e-05 566911.9060643015
-0.00015000000000007542 -6.118161366743774e-05 566911.9060643015
-0.00014500000000007562 -5.618161366743795e-05 566911.9060643015
-0.00014000000000007583 -5.118161366743816e-05 566911.9060643015
-0.00013500000000007603 -4.618161366743834e-05 566911.9060643015
-0.00013000000000007624 -4.1181613667438504e-05 566911.9060643015
-0.00012500000000007644 -3.6181613667438735e-05 566911.9060643015
-0.00012000000000007664 -3.118161366743895e-05 566911.9060643015
-0.00011500000000007685 -2.618153176500381e-05 566911.9064260346
-0.00011000000000007705 -2.1174944603623468e-05 566911.9123185973
-0.00010500000000007725 -1.614322846210635e-05 566911.9269132018
-0.00010000000000007746 -1.1063320685600686e-05 566911.9523836238
-9.500000000007766e-05 -5.908235503204459e-06 566911.9912529096
-9.000000000007786e-05 -6.468014809781223e-07 566912.0464460684
-8.500000000007807e-05 4.756505343703485e-06 566912.1213315572
-8.000000000007827e-05 1.0341329063993854e-05 566912.2197341976
-7.500000000007848e-05 1.6150640990095586e-05 566912.3459015395
-7.000000000007868e-05 2.2229043424077563e-05 566912.5043462155
-6.500000000007888e-05 2.8620370378071356e-05 566912.6994346557
-6.000000000007909e-05 3.536907311619059e-05 566912.9242981042
-5.500000000007929e-05 4.253564986160081e-05 566913.1752846106
-5.0000000000079495e-05 5.020339977096519e-05 566913.4576135001
-4.50000000000797e-05 5.849110857340137e-05 566913.7786857141
-4.00000000000799e-05 6.758129495272568e-05 566914.1498063903
-3.5000000000080106e-05 7.779245699403147e-05 566914.590527953
-3.000000000008031e-05 8.985389550845829e-05 566915.145018935
-2.5000000000080513e-05 0.00010654495526165515 566915.9769489104
-2.0000000000080717e-05 0.00012411850539454012 566916.8698538375
-1.500000000008092e-05 0.0001408272928835488 566917.72060846
-1.0000000000081125e-05 0.0001564081363420373 566918.5096119659
-5.000000000081328e-06 0.00017062884210122247 566919.2183294978
-8.153200337090993e-17 0.0001832878760827239 566919.8299945078
4.999999999918264e-06 0.00019422710421838576 566920.3309642263
9.99999999991806e-06 0.00020335660979472323 566920.7125533749
1.4999999999917857e-05 0.00021068465592476033 566920.9728954777
1.9999999999917653e-05 0.0002163728999672906 566921.1192195117
2.499999999991745e-05 0.00022085989461919611 566921.1713983092
2.9999999999917246e-05 0.00022547952319297465 566921.1758283837
3.499999999991704e-05 0.0002304795231929745 566921.1758283837
3.999999999991684e-05 0.00023547952319297427 566921.1758283837
4.4999999999916634e-05 0.00024047952319297406 566921.1758283837
4.999999999991643e-05 0.0002454795231929739 566921.1758283837
5.499999999991623e-05 0.0002504795231929737 566921.1758283837
5.999999999991602e-05 0.0002554795231929735 566921.1758283837
6.499999999991582e-05 0.00026047952319297336 566921.1758283837
6.999999999991562e-05 0.00026547952319297315 566921.1758283837
7.499999999991541e-05 0.0002704795231929729 566921.1758283837
7.999999999991521e-05 0.00027547952319297264 566921.1758283837
8.4999999999915e-05 0.00028047952319297244 566921.1758283837
8.99999999999148e-05 0.00028547952319297223 566921.1758283837
9.49999999999146e-05 0.00029047952319297203 566921.1758283837
9.99999999999144e-05 0.0002954795231929718 566921.1758283837
0.00010499999999991419 0.0003004795231929716 566921.1758283837
0.00010999999999991399 0.0003054795231929714 566921.1758283837
0.00011499999999991378 0.0003104795231929713 566921.1758283837
0.00011999999999991358 0.00031547952319297117 566921.1758283837
0.00012499999999991337 0.00032047952319297097 566921.1758283837
0.00012999999999991317 0.00032547952319297066 566921.1758283837
0.00013499999999991297 0.00033047952319297045 566921.1758283837
0.00013999999999991276 0.00033547952319297025 566921.1758283837
0.00014499999999991256 0.00034047952319297004 566921.1758283837
0.00014999999999991236 0.00034547952319296984 566921.1758283837
0.00015499999999991215 0.00035047952319296964 566921.1758283837
0.00015999999999991195 0.00035547952319296943 566921.1758283837
0.00016499999999991175 0.00036047952319296923 566921.1758283837
0.00016999999999991154 0.000365479523192969 566921.1758283837
0.00017499999999991134 0.0003704795231929688 566921.1758283837
0.00017999999999991113 0.0003754795231929686 566921.1758283837
0.00018499999999991093 0.0003804795231929684 566921.1758283837
0.00018999999999991073 0.0003854795231929682 566921.1758283837
0.00019499999999991052 0.000390479523192968 566921.1758283837
0.00019999999999991032 0.0003954795231929678 566921.1758283837
0.00020499999999991012 0.0004004795231929677 566921.1758283837
0.0002099999999999099 0.0004054795231929676 566921.1758283837
0.0002149999999999097 0.0004104795231929674 566921.1758283837
0.0002199999999999095 0.0004154795231929673 566921.1758283837
0.0002249999999999093 0.000420479523192967 566921.1758283837
0.0002299999999999091 0.0004254795231929667 566921.1758283837
0.0002349999999999089 0.0004304795231929664 566921.1758283837
0.0002399999999999087 0.00043547952319296607 566921.1758283837
0.0002449999999999085 0.00044047952319296575 566921.1758283837
0.0002499999999999083 0.00044547952319296555 566921.1758283837
0.0002549999999999081 0.00045047952319296535 566921.1758283837
0.0002599999999999079 0.00045547952319296514 566921.1758283837
0.00026499999999990767 0.00046047952319296494 566921.1758283837
0.00026999999999990747 0.00046547952319296473 566921.1758283837
0.00027499999999990726 0.00047047952319296453 566921.1758283837
0.00027999999999990706 0.0004754795231929643 566921.1758283837
0.00028499999999990686 0.0004804795231929641 566921.1758283837
0.00028999999999990665 0.0004854795231929639 566921.1758283837
0.00029499999999990645 0.0004904795231929637 566921.1758283837
0.00029999999999990624 0.0004954795231929635 566921.1758283837
0.00030499999999990604 0.0005004795231929633 566921.1758283837
0.00030999999999990584 0.0005054795231929631 566921.1758283837
0.00031499999999990563 0.0005104795231929629 566921.1758283837
0.00031999999999990543 0.0005154795231929628 566921.1758283837
0.0003249999999999052 0.0005204795231929627 566921.1758283837
0.000329999999999905 0.0005254795231929625 566921.1758283837
0.0003349999999999048 0.0005304795231929624 566921.1758283837
0.0003399999999999046 0.0005354795231929623 566921.1758283837
0.0003449999999999044 0.000540479523192962 566921.1758283837
0.0003499999999999042 0.0005454795231929617 566921.1758283837
0.000354999999999904 0.0005504795231929614 566921.1758283837
0.0003599999999999038 0.0005554795231929612 566921.1758283837
0.0003649999999999036 0.0005604795231929609 566921.1758283837
0.0003699999999999034 0.0005654795231929607 566921.1758283837
0.0003749999999999032 0.0005704795231929606 566921.1758283837
0.000379999999999903 0.0005754795231929603 566921.1758283837
0.0003849999999999028 0.00058047952319296 566921.1758283837
0.0003899999999999026 0.0005854795231929598 566921.1758283837
0.0003949999999999024 0.0005904795231929596 566921.1758283837
0.00039999999999990217 0.0005954795231929594 566921.1758283837
0.00040499999999990197 0.0006004795231929592 566921.1758283837
0.00040999999999990176 0.000605479523192959 566921.1758283837
0.00041499999999990156 0.0006104795231929589 566921.1758283837
0.00041999999999990136 0.0006154795231929587 566921.1758283837
0.00042499999999990115 0.0006204795231929586 566921.1758283837
0.00042999999999990095 0.0006254795231929586 566921.1758283837
0.00043499999999990074 0.0006304795231929582 566921.1758283837
0.00043999999999990054 0.0006354795231929579 566921.1758283837
0.00044499999999990034 0.0006404795231929576 566921.1758283837
0.00044999999999990013 0.0006454795231929573 566921.1758283837
0.00045499999999989993 0.000650479523192957 566921.1758283837
0.0004599999999998997 0.0006554795231929567 566921.1758283837
0.0004649999999998995 0.0006604795231929564 566921.1758283837
0.0004699999999998993 0.0006654795231929562 566921.1758283837
0.0004749999999998991 0.000670479523192956 566921.1758283837
0.0004799999999998989 0.0006754795231929556 566921.1758283837
0.0004849999999998987 0.0006804795231929555 566921.1758283837
0.0004899999999998985 0.0006854795231929553 566921.1758283837
0.0004949999999998983 0.0006904795231929551 566921.1758283837
0.0004999999999998981 0.0006954795231929549 566921.1758283837
0.0005049999999998979 0.0007004795231929547 566921.1758283837
0.0005099999999998977 0.0007054795231929545 566921.1758283837
0.0005149999999998975 0.0007104795231929543 566921.1758283837
0.0005199999999998973 0.0007154795231929541 566921.1758283837
0.0005249999999998971 0.0007204795231929539 566921.1758283837
0.0005299999999998969 0.0007254795231929537 566921.1758283837
0.0005349999999998967 0.0007304795231929535 566921.1758283837
0.0005399999999998965 0.0007354795231929533 566921.1758283837
0.0005449999999998963 0.0007404795231929531 566921.1758283837
0.0005499999999998961 0.0007454795231929529 566921.1758283837
0.0005549999999998959 0.0007504795231929527 566921.1758283837
0.0005599999999998957 0.0007554795231929525 566921.1758283837
0.0005649999999998954 0.0007604795231929523 566921.1758283837
0.0005699999999998952 0.0007654795231929521 566921.1758283837
0.000574999999999895 0.0007704795231929519 566921.1758283837
0.0005799999999998948 0.0007754795231929517 566921.1758283837
0.0005849999999998946 0.0007804795231929515 566921.1758283837
0.0005899999999998944 0.0007854795231929513 566921.1758283837
0.0005949999999998942 0.0007904795231929511 566921.1758283837
0.000599999999999894 0.0007954795231929509 566921.1758283837
0.0006049999999998938 0.0008004795231929507 566921.1758283837
0.0006099999999998936 0.0008054795231929504 566921.1758283837
0.0006149999999998934 0.0008104795231929502 566921.1758283837
0.0006199999999998932 0.00081547952319295 566921.1758283837
0.000624999999999893 0.0008204795231929498 566921.1758283837
0.0006299999999998928 0.0008254795231929496 566921.1758283837
0.0006349999999998926 0.0008304795231929494 566921.1758283837
0.0006399999999998924 0.0008354795231929492 566921.1758283837
0.0006449999999998922 0.000840479523192949 566921.1758283837
0.000649999999999892 0.0008454795231929488 566921.1758283837
0.0006549999999998918 0.0008504795231929486 566921.1758283837
0.0006599999999998916 0.0008554795231929484 566921.1758283837
0.0006649999999998914 0.0008604795231929482 566921.1758283837
0.0006699999999998912 0.000865479523192948 566921.1758283837
0.000674999999999891 0.0008704795231929478 566921.1758283837
0.0006799999999998908 0.0008754795231929476 566921.1758283837
0.0006849999999998906 0.0008804795231929474 566921.1758283837
0.0006899999999998904 0.0008854795231929472 566921.1758283837
0.0006949999999998902 0.000890479523192947 566921.1758283837
0.00069999999999989 0.0008954795231929468 566921.1758283837
0.0007049999999998897 0.0009004795231929466 566921.1758283837
0.0007099999999998895 0.0009054795231929464 566921.1758283837
0.0007149999999998893 0.0009104795231929462 566921.1758283837
0.0007199999999998891 0.000915479523192946 566921.1758283837
0.0007249999999998889 0.0009204795231929458 566921.1758283837
0.0007299999999998887 0.0009254795231929456 566921.1758283837
0.0007349999999998885 0.0009304795231929454 566921.1758283837
0.0007399999999998883 0.0009354795231929452 566921.1758283837
0.0007449999999998881 0.000940479523192945 566921.1758283837
0.0007499999999998879 0.0009454795231929447 566921.1758283837
0.0007549999999998877 0.0009504795231929445 566921.1758283837
0.0007599999999998875 0.0009554795231929443 566921.1758283837
0.0007649999999998873 0.0009604795231929441 566921.1758283837
0.0007699999999998871 0.0009654795231929439 566921.1758283837
0.0007749999999998869 0.0009704795231929437 566921.1758283837
0.0007799999999998867 0.0009754795231929435 566921.1758283837
0.0007849999999998865 0.0009804795231929432 566921.1758283837
0.0007899999999998863 0.000985479523192943 566921.1758283837
0.0007949999999998861 0.0009904795231929428 566921.1758283837
0.0007999999999998859 0.0009954795231929426 566921.1758283837
0.0008049999999998857 0.0010004795231929422 566921.1758283837
0.0008099999999998855 0.001005479523192942 566921.1758283837
0.0008149999999998853 0.0010104795231929418 566921.1758283837
0.0008199999999998851 0.0010154795231929413 566921.1758283837
0.0008249999999998849 0.0010204795231929411 566921.1758283837
0.0008299999999998846 0.001025479523192941 566921.1758283837
0.0008349999999998844 0.0010304795231929407 566921.1758283837
0.0008399999999998842 0.0010354795231929408 566921.1758283837
0.000844999999999884 0.0010404795231929405 566921.1758283837
0.0008499999999998838 0.0010454795231929406 566921.1758283837
0.0008549999999998836 0.0010504795231929404 566921.1758283837
0.0008599999999998834 0.0010554795231929402 566921.1758283837
0.0008649999999998832 0.00106047952319294 566921.1758283837
0.000869999999999883 0.00106547952319294 566921.1758283837
0.0008749999999998828 0.0010704795231929398 566921.1758283837
0.0008799999999998826 0.0010754795231929396 566921.1758283837
0.0008849999999998824 0.0010804795231929396 566921.1758283837
0.0008899999999998822 0.0010854795231929391 566921.1758283837
0.000894999999999882 0.0010904795231929387 566921.1758283837
0.0008999999999998818 0.0010954795231929385 566921.1758283837
0.0009049999999998816 0.0011004795231929383 566921.1758283837
0.0009099999999998814 0.0011054795231929381 566921.1758283837
0.0009149999999998812 0.0011104795231929377 566921.1758283837
0.000919999999999881 0.0011154795231929373 566921.1758283837
0.0009249999999998808 0.0011204795231929373 566921.1758283837
0.0009299999999998806 0.0011254795231929373 566921.1758283837
0.0009349999999998804 0.001130479523192937 566921.1758283837
0.0009399999999998802 0.0011354795231929371 566921.1758283837
0.00094499999999988 0.0011404795231929371 566921.1758283837
0.0009499999999998798 0.001145479523192937 566921.1758283837
0.0009549999999998796 0.001150479523192937 566921.1758283837
0.0009599999999998794 0.001155479523192937 566921.1758283837
0.0009649999999998791 0.001160479523192937 566921.1758283837
0.0009699999999998789 0.0011654795231929368 566921.1758283837
0.0009749999999998787 0.0011704795231929372 566921.1758283837
0.0009799999999998785 0.0011754795231929372 566921.1758283837
0.0009849999999998783 0.001180479523192937 566921.1758283837
0.0009899999999998781 0.0011854795231929368 566921.1758283837
0.000994999999999878 0.0011904795231929366 566921.1758283837
0.0009999999999998777 0.0011954795231929364 566921.1758283837
0.0010049999999998775 0.0012004795231929362 566921.1758283837
0.0010099999999998773 0.001205479523192936 566921.1758283837
0.0010149999999998771 0.0012104795231929358 566921.1758283837
0.001019999999999877 0.0012154795231929356 566921.1758283837
0.0010249999999998767 0.0012204795231929354 566921.1758283837
0.0010299999999998765 0.0012254795231929352 566921.1758283837
0.0010349999999998763 0.001230479523192935 566921.1758283837
0.001039999999999876 0.0012354795231929348 566921.1758283837
0.0010449999999998759 0.0012404795231929346 566921.1758283837
0.0010499999999998757 0.0012454795231929344 566921.1758283837
0.0010549999999998755 0.0012504795231929342 566921.1758283837
0.0010599999999998753 0.001255479523192934 566921.1758283837
0.001064999999999875 0.0012604795231929338 566921.1758283837
0.0010699999999998749 0.0012654795231929335 566921.1758283837
0.0010749999999998747 0.0012704795231929333 566921.1758283837
0.0010799999999998745 0.0012754795231929331 566921.1758283837
0.0010849999999998743 0.001280479523192933 566921.1758283837
0.001089999999999874 0.0012854795231929327 566921.1758283837
0.0010949999999998739 0.0012904795231929325 566921.1758283837
0.0010999999999998736 0.0012954795231929323 566921.1758283837
0.0011049999999998734 0.0013004795231929321 566921.1758283837
0.0011099999999998732 0.001305479523192932 566921.1758283837
0.001114999999999873 0.0013104795231929317 566921.1758283837
0.0011199999999998728 0.0013154795231929315 566921.1758283837
0.0011249999999998726 0.0013204795231929313 566921.1758283837
0.0011299999999998724 0.001325479523192931 566921.1758283837
0.0011349999999998722 0.001330479523192931 566921.1758283837
0.001139999999999872 0.0013354795231929307 566921.1758283837
0.0011449999999998718 0.0013404795231929305 566921.1758283837
0.0011499999999998716 0.0013454795231929303 566921.1758283837
0.0011549999999998714 0.00135047952319293 566921.1758283837
0.0011599999999998712 0.0013554795231929299 566921.1758283837
0.001164999999999871 0.0013604795231929297 566921.1758283837
0.0011699999999998708 0.0013654795231929295 566921.1758283837
0.0011749999999998706 0.0013704795231929293 566921.1758283837
0.0011799999999998704 0.001375479523192929 566921.1758283837
0.0011849999999998702 0.0013804795231929289 566921.1758283837
0.00118999999999987 0.0013854795231929287 566921.1758283837
0.0011949999999998698 0.0013904795231929285 566921.1758283837
0.0011999999999998696 0.0013954795231929283 566921.1758283837
0.0012049999999998694 0.001400479523192928 566921.1758283837
0.0012099999999998692 0.0014054795231929278 566921.1758283837
0.001214999999999869 0.0014104795231929276 566921.1758283837
0.0012199999999998688 0.0014154795231929274 566921.1758283837
0.0012249999999998686 0.0014204795231929272 566921.1758283837
0.0012299999999998684 0.001425479523192927 566921.1758283837
0.0012349999999998681 0.0014304795231929268 566921.1758283837
0.001239999999999868 0.0014354795231929266 566921.1758283837
0.0012449999999998677 0.0014404795231929264 566921.1758283837
0.0012499999999998675 0.0014454795231929262 566921.1758283837
0.0012549999999998673 0.001450479523192926 566921.1758283837
0.0012599999999998671 0.0014554795231929258 566921.1758283837
0.001264999999999867 0.0014604795231929256 566921.1758283837
0.0012699999999998667 0.0014654795231929254 566921.1758283837
0.0012749999999998665 0.0014704795231929252 566921.1758283837
0.0012799999999998663 0.001475479523192925 566921.1758283837
0.0012849999999998661 0.0014804795231929248 566921.1758283837
0.001289999999999866 0.0014854795231929246 566921.1758283837
0.0012949999999998657 0.0014904795231929244 566921.1758283837
0.0012999999999998655 0.0014954795231929242 566921.1758283837
0.0013049999999998653 0.001500479523192924 566921.1758283837
0.001309999999999865 0.0015054795231929238 566921.1758283837
0.0013149999999998649 0.0015104795231929236 566921.1758283837
0.0013199999999998647 0.0015154795231929234 566921.1758283837
0.0013249999999998645 0.0015204795231929232 566921.1758283837
0.0013299999999998643 0.001525479523192923 566921.1758283837
0.001334999999999864 0.0015304795231929228 566921.1758283837
0.0013399999999998639 0.0015354795231929225 566921.1758283837
0.0013449999999998637 0.0015404795231929223 566921.1758283837
0.0013499999999998635 0.0015454795231929221 566921.1758283837
0.0013549999999998633 0.001550479523192922 566921.1758283837
0.001359999999999863 0.0015554795231929217 566921.1758283837
0.0013649999999998629 0.0015604795231929215 566921.1758283837
0.0013699999999998626 0.0015654795231929213 566921.1758283837
0.0013749999999998624 0.0015704795231929211 566921.1758283837
0.0013799999999998622 0.001575479523192921 566921.1758283837
0.001384999999999862 0.0015804795231929207 566921.1758283837
0.0013899999999998618 0.0015854795231929205 566921.1758283837
0.0013949999999998616 0.0015904795231929203 566921.1758283837
0.0013999999999998614 0.00159547952319292 566921.1758283837
0.0014049999999998612 0.00160047952319292 566921.1758283837
0.001409999999999861 0.0016054795231929197 566921.1758283837
0.0014149999999998608 0.0016104795231929195 566921.1758283837
0.0014199999999998606 0.0016154795231929193 566921.1758283837
0.0014249999999998604 0.001620479523192919 566921.1758283837
0.0014299999999998602 0.0016254795231929189 566921.1758283837
0.00143499999999986 0.0016304795231929187 566921.1758283837
0.0014399999999998598 0.0016354795231929185 566921.1758283837
0.0014449999999998596 0.0016404795231929183 566921.1758283837
0.0014499999999998594 0.001645479523192918 566921.1758283837
0.0014549999999998592 0.0016504795231929179 566921.1758283837
0.001459999999999859 0.0016554795231929177 566921.1758283837
0.0014649999999998588 0.0016604795231929175 566921.1758283837
0.0014699999999998586 0.0016654795231929172 566921.1758283837
0.0014749999999998584 0.001670479523192917 566921.1758283837
0.0014799999999998582 0.0016754795231929168 566921.1758283837
0.001484999999999858 0.0016804795231929166 566921.1758283837
0.0014899999999998578 0.0016854795231929164 566921.1758283837
0.0014949999999998576 0.0016904795231929162 566921.1758283837
0.0014999999999998574 0.001695479523192916 566921.1758283837
0.0015049999999998571 0.0017004795231929158 566921.1758283837
0.001509999999999857 0.0017054795231929156 566921.1758283837
0.0015149999999998567 0.0017104795231929154 566921.1758283837
0.0015199999999998565 0.0017154795231929152 566921.1758283837
0.0015249999999998563 0.001720479523192915 566921.1758283837
0.0015299999999998561 0.0017254795231929148 566921.1758283837
0.001534999999999856 0.0017304795231929146 566921.1758283837
0.0015399999999998557 0.0017354795231929144 566921.1758283837
0.0015449999999998555 0.0017404795231929142 566921.1758283837
0.0015499999999998553 0.001745479523192914 566921.1758283837
0.0015549999999998551 0.0017504795231929138 566921.1758283837
0.001559999999999855 0.0017554795231929136 566921.1758283837
0.0015649999999998547 0.0017604795231929134 566921.1758283837
0.0015699999999998545 0.0017654795231929132 566921.1758283837
0.0015749999999998543 0.001770479523192913 566921.1758283837
0.001579999999999854 0.0017754795231929128 566921.1758283837
0.0015849999999998539 0.0017804795231929126 566921.1758283837
0.0015899999999998537 0.0017854795231929124 566921.1758283837
0.0015949999999998535 0.0017904795231929122 566921.1758283837
0.0015999999999998533 0.001795479523192912 566921.1758283837
0.001604999999999853 0.0018004795231929117 566921.1758283837
0.0016099999999998529 0.0018054795231929115 566921.1758283837
0.0016149999999998527 0.0018104795231929113 566921.1758283837
0.0016199999999998525 0.0018154795231929111 566921.1758283837
0.0016249999999998523 0.001820479523192911 566921.1758283837
0.001629999999999852 0.0018254795231929107 566921.1758283837
0.0016349999999998518 0.0018304795231929105 566921.1758283837
0.0016399999999998516 0.0018354795231929103 566921.1758283837
0.0016449999999998514 0.0018404795231929101 566921.1758283837
0.0016499999999998512 0.00184547952319291 566921.1758283837
0.001654999999999851 0.0018504795231929097 566921.1758283837
0.0016599999999998508 0.0018554795231929095 566921.1758283837
0.0016649999999998506 0.0018604795231929093 566921.1758283837
0.0016699999999998504 0.001865479523192909 566921.1758283837
0.0016749999999998502 0.001870479523192909 566921.1758283837
0.00167999999999985 0.0018754795231929087 566921.1758283837
0.0016849999999998498 0.0018804795231929085 566921.1758283837
0.0016899999999998496 0.0018854795231929083 566921.1758283837
0.0016949999999998494 0.001890479523192908 566921.1758283837
0.0016999999999998492 0.0018954795231929079 566921.1758283837
0.001704999999999849 0.0019004795231929077 566921.1758283837
0.0017099999999998488 0.0019054795231929075 566921.1758283837
0.0017149999999998486 0.0019104795231929073 566921.1758283837
0.0017199999999998484 0.001915479523192907 566921.1758283837
0.0017249999999998482 0.0019204795231929069 566921.1758283837
0.001729999999999848 0.0019254795231929067 566921.1758283837
0.0017349999999998478 0.0019304795231929065 566921.1758283837
0.0017399999999998476 0.0019354795231929062 566921.1758283837
0.0017449999999998474 0.001940479523192906 566921.1758283837
0.0017499999999998472 0.0019454795231929058 566921.1758283837
0.001754999999999847 0.0019504795231929056 566921.1758283837
0.0017599999999998468 0.001955479523192905 566921.1758283837
0.0017649999999998466 0.001960479523192905 566921.1758283837
0.0017699999999998463 0.0019654795231929044 566921.1758283837
0.0017749999999998461 0.001970479523192905 566921.1758283837
0.001779999999999846 0.0019754795231929044 566921.1758283837
0.0017849999999998457 0.001980479523192904 566921.1758283837
0.0017899999999998455 0.001985479523192904 566921.1758283837
0.0017949999999998453 0.0019904795231929042 566921.1758283837
0.0017999999999998451 0.0019954795231929036 566921.1758283837
0.001804999999999845 0.0020004795231929034 566921.1758283837
0.0018099999999998447 0.0020054795231929036 566921.1758283837
0.0018149999999998445 0.002010479523192903 566921.1758283837
0.0018199999999998443 0.0020154795231929028 566921.1758283837
0.001824999999999844 0.0020204795231929026 566921.1758283837
0.001829999999999844 0.002025479523192903 566921.1758283837
0.0018349999999998437 0.002030479523192902 566921.1758283837
0.0018399999999998435 0.002035479523192902 566921.1758283837
0.0018449999999998433 0.002040479523192902 566921.1758283837
0.001849999999999843 0.0020454795231929015 566921.1758283837
0.0018549999999998429 0.0020504795231929013 566921.1758283837
0.0018599999999998427 0.002055479523192901 566921.1758283837
0.0018649999999998425 0.0020604795231929005 566921.1758283837
0.0018699999999998423 0.0020654795231929007 566921.1758283837
0.001874999999999842 0.0020704795231929 566921.1758283837
0.0018799999999998419 0.0020754795231929003 566921.1758283837
0.0018849999999998417 0.0020804795231929 566921.1758283837
0.0018899999999998415 0.0020854795231928995 566921.1758283837
0.0018949999999998413 0.0020904795231928997 566921.1758283837
0.001899999999999841 0.002095479523192899 566921.1758283837
0.0019049999999998408 0.0021004795231928993 566921.1758283837
0.0019099999999998406 0.0021054795231928987 566921.1758283837
0.0019149999999998404 0.002110479523192899 566921.1758283837
0.0019199999999998402 0.0021154795231928983 566921.1758283837
0.00192499999999984 0.0021204795231928985 566921.1758283837
0.0019299999999998398 0.002125479523192898 566921.1758283837
0.0019349999999998396 0.002130479523192898 566921.1758283837
0.0019399999999998394 0.0021354795231928974 566921.1758283837
0.0019449999999998392 0.0021404795231928972 566921.1758283837
0.001949999999999839 0.002145479523192898 566921.1758283837
0.001954999999999839 0.002150479523192897 566921.1758283837
0.0019599999999998386 0.0021554795231928966 566921.1758283837
0.0019649999999998384 0.0021604795231928964 566921.1758283837
0.001969999999999838 0.0021654795231928962 566921.1758283837
0.001974999999999838 0.002170479523192896 566921.1758283837
0.001979999999999838 0.002175479523192896 566921.1758283837
0.0019849999999998376 0.0021804795231928956 566921.1758283837
0.0019899999999998374 0.0021854795231928954 566921.1758283837
0.001994999999999837 0.002190479523192895 566921.1758283837
0.001999999999999837 0.002195479523192895 566921.1758283837
