-1e-05 -1.3557857419148725e-06 566909.0393378623
-9.750000000000002e-06 3.06657789810865e-05 566911.0987515305
-9.500000000000002e-06 5.918397817570684e-05 566913.0061720931
-9.250000000000003e-06 8.334406308115986e-05 566914.6220148506
-9.000000000000004e-06 0.00010409294736495672 566916.009622554
-8.750000000000004e-06 0.00012195312576301265 566917.203948021
-8.500000000000005e-06 0.00013756053889593165 566918.2475277673
-8.250000000000006e-06 0.00015124746430126776 566919.1625875167
-8.000000000000006e-06 0.00016329634272450012 566919.9680174715
-7.750000000000007e-06 0.00017396965646362332 566920.6813698289
-7.500000000000008e-06 0.0001834616785642461 566921.3156411927
-7.2500000000000085e-06 0.00019192146077459587 566921.8807932446
-7.000000000000009e-06 0.00019947749141781398 566922.3854155901
-6.75000000000001e-06 0.00020624657375498817 566922.8373189629
-6.500000000000011e-06 0.00021231401510433368 566923.2422026707
-6.250000000000011e-06 0.00021775573319599847 566923.6051373003
-6.000000000000012e-06 0.00022263440921008683 566923.9303110561
-5.750000000000013e-06 0.00022700942963307542 566924.221693698
-5.500000000000013e-06 0.00023091949511507015 566924.4818643632
-5.250000000000014e-06 0.00023440651733422997 566924.7136259516
-5.000000000000015e-06 0.00023750642557785915 566924.919380133
-4.7500000000000155e-06 0.00024023515933199318 566925.1001958635
-4.500000000000016e-06 0.00024261954182699082 566925.2578742222
-4.250000000000017e-06 0.000244675919959223 566925.3935237478
-4.000000000000018e-06 0.00024640528674099813 566925.5072398075
-3.7500000000000183e-06 0.00024782376437242683 566925.600138619
-3.500000000000019e-06 0.00024892952337581946 566925.6721624957
-3.2500000000000197e-06 0.0002497138230694333 566925.7228240208
-3.0000000000000204e-06 0.0002501738148479716 566925.7520638326
-2.750000000000021e-06 0.00025029257028127223 566925.7589387235
-2.500000000000022e-06 0.00025004566060317417 566925.7420971794
-2.2500000000000225e-06 0.0002494116216476293 566925.7004653176
-2.000000000000023e-06 0.0002483515646036919 566925.6319751432
-1.750000000000024e-06 0.00024682529812422116 566925.5346503673
-1.5000000000000246e-06 0.0002447801988878467 566925.4059579371
-1.2500000000000253e-06 0.00024215374909764375 566925.2430668368
-1.000000000000026e-06 0.00023887176867475493 566925.0428470047
-7.500000000000267e-07 0.0002348480744228302 566924.8020221554
-5.000000000000274e-07 0.0002299928397885254 566924.5178423038
-2.500000000000281e-07 0.00022420545181756497 566924.1878841432
-2.879912020664621e-20 0.00021737104845564388 566923.8101365515
2.499999999999705e-07 0.00020941142908850838 566923.3860548147
4.999999999999698e-07 0.00020024723581678702 566922.918541011
7.499999999999691e-07 0.00018986280114929386 566922.4152426308
9.999999999999684e-07 0.00017830928273806506 566921.8879810389
1.2499999999999677e-06 0.00016573277198769152 566921.3528730492
1.499999999999967e-06 0.00015237537789337144 566920.828618135
1.7499999999999663e-06 0.00013857470431518552 566920.3344622797
1.9999999999999656e-06 0.00012471718354593663 566919.8867071505
2.249999999999965e-06 0.00011118752826023634 566919.4962961391
2.499999999999964e-06 9.832641404977459e-05 566919.1679687335
2.7499999999999635e-06 8.639005370996869e-05 566918.900569873
2.999999999999963e-06 7.553154256280917e-05 566918.688558053
3.249999999999962e-06 6.582226894412037e-05 566918.5242293654
3.4999999999999614e-06 5.7255340212134804e-05 566918.399078887
3.7499999999999607e-06 4.978029043821933e-05 566918.305124999
3.99999999999996e-06 4.33128368825976e-05 566918.2353489811
4.249999999999959e-06 3.7755628032280884e-05 566918.18396974
4.499999999999959e-06 3.3008104077127856e-05 566918.1463942756
4.749999999999958e-06 2.8972420810542512e-05 566918.1190660634
4.999999999999957e-06 2.555735332629399e-05 566918.0992813514
5.2499999999999565e-06 2.2680357801223996e-05 566918.0850170413
5.499999999999956e-06 2.026947116683614e-05 566918.0747772477
5.749999999999955e-06 1.8260441228373653e-05 566918.0674556348
5.999999999999954e-06 1.6598690113041558e-05 566918.0622458743
6.249999999999954e-06 1.523666876607216e-05 566918.0585575311
6.499999999999953e-06 1.4134127754972991e-05 566918.0559629756
6.749999999999952e-06 1.3257995229249036e-05 566918.0541539295
6.999999999999952e-06 1.2577248782590755e-05 566918.05290234
7.249999999999951e-06 1.2067482619555014e-05 566918.0520474295
7.49999999999995e-06 1.1708958407163016e-05 566918.0514748124
7.74999999999995e-06 1.1477557181414395e-05 566918.0510946868
7.999999999999949e-06 1.1359377433107601e-05 566918.0508512981
8.249999999999948e-06 1.1334845315339875e-05 566918.0506990426
8.499999999999947e-06 1.1387913968333624e-05 566918.0506081001
8.749999999999947e-06 1.1505114760297654e-05 566918.0505589934
8.999999999999946e-06 1.1670334379346315e-05 566918.0505359398
9.249999999999945e-06 1.18742742346031e-05 566918.0505315199
9.499999999999945e-06 1.210790688151528e-05 566918.050540134
9.749999999999944e-06 1.2362462705676511e-05 566918.0505571285
9.999999999999943e-06 1.2634244325690018e-05 566918.0505816074
1.0249999999999943e-05 1.2916867871625415e-05 566918.0506103943
