-1e-05 2.2500121666953505e-06 566909.2027291808
-9.750000000000002e-06 3.492165376583864e-05 566911.3833875948
-9.500000000000002e-06 6.237194566759912e-05 566913.2193706819
-9.250000000000003e-06 8.577904269316226e-05 566914.7848463696
-9.000000000000004e-06 0.00010594874844105383 566916.1337129083
-8.750000000000004e-06 0.00012339201408766783 566917.3001514252
-8.500000000000005e-06 0.00013867599523459756 566918.3220980121
-8.250000000000006e-06 0.00015211948431898063 566919.2208735207
-8.000000000000006e-06 0.00016397928833348542 566920.0136585813
-7.750000000000007e-06 0.00017451058392479774 566920.7175138799
-7.500000000000008e-06 0.00018388804355565648 566921.3441227984
-7.2500000000000085e-06 0.00019225737680944857 566921.9032248365
-7.000000000000009e-06 0.00019974613894358761 566922.4033499608
-6.75000000000001e-06 0.00020646362454026013 566922.8518041451
-6.500000000000011e-06 0.00021248658441731848 566923.2537140499
-6.250000000000011e-06 0.00021789106748513681 566923.6141589647
-6.000000000000012e-06 0.00022274266305493523 566923.9375225565
-5.750000000000013e-06 0.00022709616940741142 566924.2274665798
-5.500000000000013e-06 0.0002309897249924533 566924.48653417
-5.250000000000014e-06 0.00023446539253598993 566924.7175392635
-5.000000000000015e-06 0.00023754791496167655 566924.9221313787
-4.7500000000000155e-06 0.00024027022089169556 566925.1025171375
-4.500000000000016e-06 0.00024265091262760575 566925.2599506918
-4.250000000000017e-06 0.00024469565643373155 566925.3948242128
-4.000000000000018e-06 0.00024642613718633846 566925.5086132903
-3.7500000000000183e-06 0.00024783688662924743 566925.6009982119
-3.500000000000019e-06 0.0002489423686816691 566925.6730029312
-3.2500000000000197e-06 0.000249723344884265 566925.7234444614
-3.0000000000000204e-06 0.0002501810827959327 566925.7525349841
-2.750000000000021e-06 0.00025029684963743094 566925.7592135293
-2.500000000000022e-06 0.00025005045302185644 566925.7424040977
-2.2500000000000225e-06 0.00024941530335729383 566925.7006992673
-2.000000000000023e-06 0.0002483545621226592 566925.6321638635
-1.750000000000024e-06 0.00024682740594528344 566925.5347816973
-1.5000000000000246e-06 0.0002447817933642952 566925.4060559879
-1.2500000000000253e-06 0.00024215478284543102 566925.243129422
-1.000000000000026e-06 0.00023887232238293176 566925.0428797156
-7.500000000000267e-07 0.00023484862504215945 566924.8020542662
-5.000000000000274e-07 0.00022999313893045276 566924.5178592848
-2.500000000000281e-07 0.0002242055784526983 566924.1878911327
-2.879912020664621e-20 0.00021737104845564388 566923.8101365515
2.499999999999705e-07 0.00020941130997542386 566923.3860486883
4.999999999999698e-07 0.00020024693669448267 566922.918526336
7.499999999999691e-07 0.00018986237059858273 566922.4152226115
9.999999999999684e-07 0.0001783087188208556 566921.8879565052
1.2499999999999677e-06 0.0001657320521308951 566921.352843954
1.499999999999967e-06 0.00015237455695615702 566920.828587758
1.7499999999999663e-06 0.00013857361437812028 566920.3344256376
1.9999999999999656e-06 0.00012471590529260668 566919.886668624
2.249999999999965e-06 0.00011118612194129607 566919.4962584771
2.499999999999964e-06 9.832483405348745e-05 566919.1679314779
2.7499999999999635e-06 8.638801928412787e-05 566918.9005280045
2.999999999999963e-06 7.552958616666606e-05 566918.6885230911
3.249999999999962e-06 6.581990104657778e-05 566918.5241928042
3.4999999999999614e-06 5.725257559323348e-05 566918.3990421144
3.7499999999999607e-06 4.9776949323508976e-05 566918.305086862
3.99999999999996e-06 4.3308957580729316e-05 566918.2353110098
4.249999999999959e-06 3.775095123268298e-05 566918.1839305854
4.499999999999959e-06 3.300246166820924e-05 566918.1463538579
4.749999999999958e-06 2.8965410709115878e-05 566918.1190231782
4.999999999999957e-06 2.5548811170810393e-05 566918.0992366775
5.2499999999999565e-06 2.2669986417037335e-05 566918.0849706837
5.499999999999956e-06 2.0256766364930694e-05 566918.0747287191
5.749999999999955e-06 1.8244797227269206e-05 566918.0674045638
5.999999999999954e-06 1.6579567795432414e-05 566918.0621924645
6.249999999999954e-06 1.5213371506465819e-05 566918.0585017903
6.499999999999953e-06 1.4105895037693943e-05 566918.0559050099
6.749999999999952e-06 1.3223994240419986e-05 566918.0540938586
6.999999999999952e-06 1.2536652643104895e-05 566918.0528404027
7.249999999999951e-06 1.201949053810593e-05 566918.0519838841
7.49999999999995e-06 1.1652987808433552e-05 566918.0514100456
7.74999999999995e-06 1.1413174602561261e-05 566918.0510290226
7.999999999999949e-06 1.128650055182751e-05 566918.0507849569
8.249999999999948e-06 1.1253676148074139e-05 566918.050632149
8.499999999999947e-06 1.1298924492899355e-05 566918.0505405898
8.749999999999947e-06 1.1409033017913321e-05 566918.0504906847
8.999999999999946e-06 1.1567667611802014e-05 566918.0504662917
9.249999999999945e-06 1.1765743580867119e-05 566918.050460184
9.499999999999945e-06 1.1994144011917311e-05 566918.0504666617
9.749999999999944e-06 1.2243937776815123e-05 566918.0504811371
9.999999999999943e-06 1.2511297589807625e-05 566918.050502604
1.0249999999999943e-05 1.2789899753042516e-05 566918.050528228
