-1e-05 -1.0000097337595718e-05 566913.5049319082
-9.750000000000002e-06 -8.938261971965518e-06 566913.5060475776
-9.500000000000002e-06 -7.4741189401726234e-06 566913.5087367861
-9.250000000000003e-06 -4.977074931235586e-06 566913.5187263404
-9.000000000000004e-06 6.189722010357765e-06 566913.8596896237
-8.750000000000004e-06 2.8323682512767538e-05 566914.9063085425
-8.500000000000005e-06 4.7051851604561264e-05 566915.7918222414
-8.250000000000006e-06 6.304720874555582e-05 566916.548038032
-8.000000000000006e-06 7.684121208824777e-05 566917.2000932207
-7.750000000000007e-06 8.884499785707012e-05 566917.7674292411
-7.500000000000008e-06 9.935658703419067e-05 566918.2641418555
-7.2500000000000085e-06 0.00010860945314038175 566918.7012706308
-7.000000000000009e-06 0.00011679478638943359 566919.0878548452
-6.75000000000001e-06 0.00012405666082714498 566919.4307070693
-6.500000000000011e-06 0.000130519495133236 566919.7357072285
-6.250000000000011e-06 0.00013629018351940577 566920.0079074862
-6.000000000000012e-06 0.00014144020552439218 566920.250685187
-5.750000000000013e-06 0.000146045581433914 566920.4676298278
-5.500000000000013e-06 0.00015016372330953497 566920.6614566084
-5.250000000000014e-06 0.00015383868132020146 566920.8342437667
-5.000000000000015e-06 0.00015711640658818663 566920.9881633512
-4.7500000000000155e-06 0.00016002297996273315 566921.1244482101
-4.500000000000016e-06 0.0001625928727821679 566921.2447316301
-4.250000000000017e-06 0.00016484206643360827 566921.3497770932
-4.000000000000018e-06 0.00016679313763349422 566921.4406614655
-3.7500000000000183e-06 0.00016844911765401727 566921.5175511726
-3.500000000000019e-06 0.00016982935913590524 566921.5813881601
-3.2500000000000197e-06 0.0001709279378125428 566921.6319417948
-3.0000000000000204e-06 0.00017174717014074606 566921.6693874589
-2.750000000000021e-06 0.00017228291233166993 566921.6936229824
-2.500000000000022e-06 0.00017251929201224695 566921.7040418002
-2.2500000000000225e-06 0.00017245034507639133 566921.7005354395
-2.000000000000023e-06 0.0001720454438241549 566921.6819361376
-1.750000000000024e-06 0.00017128090881322728 566921.6474797744
-1.5000000000000246e-06 0.0001701259152447005 566921.5961979707
-1.2500000000000253e-06 0.00016853194378879278 566921.5264981986
-1.000000000000026e-06 0.00016645234198753376 566921.4370894053
-7.500000000000267e-07 0.00016383028637446498 566921.3265289303
-5.000000000000274e-07 0.00016059794096886154 566921.193282074
-2.500000000000281e-07 0.0001566909745224405 566921.0364479952
-2.879912020664621e-20 0.0001520345422879544 566920.8552928701
2.499999999999705e-07 0.00014656866287546458 566920.6503737892
4.999999999999698e-07 0.00014024742050906613 566920.4235259835
7.499999999999691e-07 0.00013306214199778954 566920.1786208767
9.999999999999684e-07 0.00012505225699970644 566919.9216139233
1.2499999999999677e-06 0.00011632687080649971 566919.6606412816
1.499999999999967e-06 0.00010705641617469074 566919.4048893458
1.7499999999999663e-06 9.747882722153836e-05 566919.1638211014
1.9999999999999656e-06 8.78624511351705e-05 566918.9453649657
2.249999999999965e-06 7.84751664928237e-05 566918.7548590148
2.499999999999964e-06 6.955237529753098e-05 566918.5945918678
2.7499999999999635e-06 6.127155190724651e-05 566918.4640061358
2.999999999999963e-06 5.3741033839043613e-05 566918.3604448794
3.249999999999962e-06 4.7009958883156704e-05 566918.2801540998
3.4999999999999614e-06 4.107600024385003e-05 566918.2190182278
3.7499999999999607e-06 3.5905020644693626e-05 566918.1731471096
3.99999999999996e-06 3.143965366960487e-05 566918.1391172877
4.249999999999959e-06 2.7612989478283074e-05 566918.1141016771
4.499999999999959e-06 2.4355726682351794e-05 566918.0958505654
4.749999999999958e-06 2.1600367638641457e-05 566918.0826202441
4.999999999999957e-06 1.928410239067389e-05 566918.073083888
5.2499999999999565e-06 1.734975713495022e-05 566918.0662469688
5.499999999999956e-06 1.574769060929938e-05 566918.0613742957
5.749999999999955e-06 1.4433524517741256e-05 566918.05792184
5.999999999999954e-06 1.3369725056888405e-05 566918.0554936132
6.249999999999954e-06 1.2523505130979234e-05 566918.0537996152
6.499999999999953e-06 1.1867153389663859e-05 566918.0526304154
6.749999999999952e-06 1.1377615499522018e-05 566918.0518350648
6.999999999999952e-06 1.1032657304104358e-05 566918.0513018455
7.249999999999951e-06 1.0813959963881638e-05 566918.0509520958
7.49999999999995e-06 1.0705301548414728e-05 566918.0507298626
7.74999999999995e-06 1.0687091704946162e-05 566918.050591677
7.999999999999949e-06 1.0746230512322363e-05 566918.0505113738
8.249999999999948e-06 1.0866673898180656e-05 566918.0504684701
8.499999999999947e-06 1.1035541084611495e-05 566918.0504502953
8.749999999999947e-06 1.1242609752186612e-05 566918.0504491932
8.999999999999946e-06 1.1477221109632669e-05 566918.0504587988
9.249999999999945e-06 1.173328208336264e-05 566918.0504765561
9.499999999999945e-06 1.2005379840845093e-05 566918.050500379
9.749999999999944e-06 1.2288552065376808e-05 566918.0505283655
9.999999999999943e-06 1.2580649033148162e-05 566918.0505602722
1.0249999999999943e-05 1.2878368656801454e-05 566918.0505947118
