-1e-05 -3.350840199882957e-06 566908.9979239766
-9.750000000000002e-06 2.567418435913349e-05 566910.7649079083
-9.500000000000002e-06 5.548668830210539e-05 566912.7589082116
-9.250000000000003e-06 8.055411317057523e-05 566914.4354458663
-9.000000000000004e-06 0.00010196968905437615 566915.8676479447
-8.750000000000004e-06 0.0001203175309629674 566917.0945933659
-8.500000000000005e-06 0.00013629523156371293 566918.1629388281
-8.250000000000006e-06 0.00015026133571151607 566919.0966725365
-8.000000000000006e-06 0.00016251998271037132 566919.9161305956
-7.750000000000007e-06 0.0001733615015649206 566920.6407360658
-7.500000000000008e-06 0.00018298046901234238 566921.2834939526
-7.2500000000000085e-06 0.0001915406719460464 566921.8553631249
-7.000000000000009e-06 0.0001991776409524431 566922.3653986426
-6.75000000000001e-06 0.00020601041319698408 566922.8215611584
-6.500000000000011e-06 0.00021212448884277377 566923.2295609552
-6.250000000000011e-06 0.00021760274857089373 566923.5949382365
-6.000000000000012e-06 0.0002225175091598533 566923.9225262936
-5.750000000000013e-06 0.00022691377795100413 566924.215326442
-5.500000000000013e-06 0.0002308434013364653 566924.4768037882
-5.250000000000014e-06 0.00023434839547940319 566924.7097677214
-5.000000000000015e-06 0.0002374555857841702 566924.9160064344
-4.7500000000000155e-06 0.00024019383948840054 566925.0974575544
-4.500000000000016e-06 0.00024258607198041396 566925.2556591951
-4.250000000000017e-06 0.0002446474998913587 566925.3916451207
-4.000000000000018e-06 0.0002463846622100899 566925.5058814342
-3.7500000000000183e-06 0.0002478115431523952 566925.5993389237
-3.500000000000019e-06 0.00024891539092640203 566925.671237697
-3.2500000000000197e-06 0.0002497036051423016 566925.7221581041
-3.0000000000000204e-06 0.00025016588091263407 566925.7515495055
-2.750000000000021e-06 0.0002502875526179367 566925.7586166472
-2.500000000000022e-06 0.00025004109192603054 566925.7418046977
-2.2500000000000225e-06 0.00024940759326129035 566925.7002094146
-2.000000000000023e-06 0.0002483483548582523 566925.6317731707
-1.750000000000024e-06 0.0002468230117323574 566925.5345078951
-1.5000000000000246e-06 0.0002447784987337895 566925.405853401
-1.2500000000000253e-06 0.0002421525365194377 566925.2429933796
-1.000000000000026e-06 0.00023887115344349222 566925.0428106387
-7.500000000000267e-07 0.00023484746250431737 566924.8019864847
-5.000000000000274e-07 0.0002299925074086155 566924.5178234063
-2.500000000000281e-07 0.0002242053111118456 566924.1878763872
-2.879912020664621e-20 0.00021737104845564388 566923.8101365515
2.499999999999705e-07 0.0002094115614363723 566923.3860615926
4.999999999999698e-07 0.00020024756827865934 566922.9185573366
7.499999999999691e-07 0.00018986327953897866 566922.4152648416
9.999999999999684e-07 0.00017830990888406887 566921.8880082703
1.2499999999999677e-06 0.0001657335718285846 566921.3529053511
1.499999999999967e-06 0.00015237631048763638 566920.8286526828
1.7499999999999663e-06 0.00013857591912926913 566920.3345031046
1.9999999999999656e-06 0.00012471862096474407 566919.8867505033
2.249999999999965e-06 0.000111189090850688 566919.496337988
2.499999999999964e-06 9.832816884140883e-05 566919.1680100989
2.7499999999999635e-06 8.639231289918228e-05 566918.9006163663
2.999999999999963e-06 7.553376461560378e-05 566918.6885977502
3.249999999999962e-06 6.58249434040592e-05 566918.5242706564
3.4999999999999614e-06 5.725845683313769e-05 566918.3991203215
3.7499999999999607e-06 4.9784008303060926e-05 566918.3051674421
3.99999999999996e-06 4.3317168352020406e-05 566918.2353913946
4.249999999999959e-06 3.776085988910554e-05 566918.1840136015
4.499999999999959e-06 3.301452101020617e-05 566918.1464402602
4.749999999999958e-06 2.8980265458109454e-05 566918.1191141175
4.999999999999957e-06 2.5566993233003004e-05 566918.0993318113
5.2499999999999565e-06 2.2692166469719576e-05 566918.0850698436
5.499999999999956e-06 2.0283984076172095e-05 566918.0748327062
5.749999999999955e-06 1.8278209703640036e-05 566918.0675136946
5.999999999999954e-06 1.662041988387624e-05 566918.0623066322
6.249999999999954e-06 1.5263132451127695e-05 566918.0586209618
6.499999999999953e-06 1.4166217066633425e-05 566918.056029014
6.749999999999952e-06 1.3296607673078687e-05 566918.0542223757
6.999999999999952e-06 1.2623291325827265e-05 566918.0529729136
7.249999999999951e-06 1.2121833076086932e-05 566918.0521198586
7.49999999999995e-06 1.1772228602182274e-05 566918.0515486911
7.74999999999995e-06 1.1550183226173384e-05 566918.0511696797
7.999999999999949e-06 1.1441395167483935e-05 566918.0509271638
8.249999999999948e-06 1.1425980826990114e-05 566918.050775722
8.499999999999947e-06 1.1487598781823658e-05 566918.0506856861
8.749999999999947e-06 1.1612617922187412e-05 566918.0506378583
8.999999999999946e-06 1.1784983917901233e-05 566918.0506165245
9.249999999999945e-06 1.1995296175897141e-05 566918.0506142653
9.499999999999945e-06 1.2234655633991949e-05 566918.0506255488
9.749999999999944e-06 1.2494467893342666e-05 566918.0506457111
9.999999999999943e-06 1.2771041530440027e-05 566918.0506737643
1.0249999999999943e-05 1.3058169366639358e-05 566918.0507064878
