-1e-05 -1.0228560726469443e-05 566913.5048001782
-9.750000000000002e-06 -9.202667965189785e-06 566913.5057518188
-9.500000000000002e-06 -7.818857767421188e-06 566913.5079845372
-9.250000000000003e-06 -5.575165342205601e-06 566913.5154883085
-9.000000000000004e-06 2.3781558189723544e-06 566913.6822853236
-8.750000000000004e-06 2.5458842695257073e-05 566914.7708654833
-8.500000000000005e-06 4.49037919605106e-05 566915.6902790554
-8.250000000000006e-06 6.141432639378237e-05 566916.470860359
-8.000000000000006e-06 7.5589199411415e-05 566917.1409258433
-7.750000000000007e-06 8.787809737258486e-05 566917.7217457375
-7.500000000000008e-06 9.860543326051938e-05 566918.228660336
-7.2500000000000085e-06 0.00010802308676378637 566918.6735810627
-7.000000000000009e-06 0.00011633424776429531 566919.0661149801
-6.75000000000001e-06 0.00012369568253215983 566919.4136735126
-6.500000000000011e-06 0.00013023430866431501 566919.7222569805
-6.250000000000011e-06 0.00013606260255338742 566919.9971791893
-6.000000000000012e-06 0.0001412611284619094 566920.2422491012
-5.750000000000013e-06 0.00014590600622589906 566920.4610613077
-5.500000000000013e-06 0.0001500509239065413 566920.6561523533
-5.250000000000014e-06 0.0001537492857856266 566920.8300443451
-5.000000000000015e-06 0.00015704636334281288 566920.9848771046
-4.7500000000000155e-06 0.00015996874431981585 566921.1219090149
-4.500000000000016e-06 0.00016254839663342355 566921.2426529641
-4.250000000000017e-06 0.0001648088519783386 566921.3482289098
-4.000000000000018e-06 0.00016676297982395698 566921.4392577128
-3.7500000000000183e-06 0.00016842729713286293 566921.5165396761
-3.500000000000019e-06 0.00016981109863646035 566921.5805440537
-3.2500000000000197e-06 0.00017091243579873147 566921.6312278411
-3.0000000000000204e-06 0.00017173693218733015 566921.6689188445
-2.750000000000021e-06 0.00017227338992857136 566921.6931891332
-2.500000000000022e-06 0.00017251236702233276 566921.7037287301
-2.2500000000000225e-06 0.00017244459013489172 566921.7002771099
-2.000000000000023e-06 0.00017204202868870507 566921.681784611
-1.750000000000024e-06 0.00017127759188187091 566921.6473337932
-1.5000000000000246e-06 0.00017012406964852443 566921.5961181289
-1.2500000000000253e-06 0.00016853011843029594 566921.5264200674
-1.000000000000026e-06 0.00016645118104015763 566921.4370405867
-7.500000000000267e-07 0.00016382949344144197 566921.3264962736
-5.000000000000274e-07 0.00016059745073354853 566921.1932623849
-2.500000000000281e-07 0.00015669077812316458 566921.0364403646
-2.879912020664621e-20 0.0001520345422879544 566920.8552928701
2.499999999999705e-07 0.00014656883108931932 566920.65037988
4.999999999999698e-07 0.0001402477443161835 566920.4235371383
7.499999999999691e-07 0.0001330626680528687 566920.178638056
9.999999999999684e-07 0.00012505288638766098 566919.9216331454
1.2499999999999677e-06 0.0001163277025453641 566919.6606648704
1.499999999999967e-06 0.00010705746419819188 566919.4049166297
1.7499999999999663e-06 9.748007703316843e-05 566919.1638505775
1.9999999999999656e-06 8.786394001131573e-05 566918.9453964675
2.249999999999965e-06 7.847695229741536e-05 566918.7548925623
2.499999999999964e-06 6.955433903177273e-05 566918.5946243311
2.7499999999999635e-06 6.127388316130913e-05 566918.4640398421
2.999999999999963e-06 5.3743659803868006e-05 566918.3604778822
3.249999999999962e-06 4.701309694519636e-05 566918.2801882416
3.4999999999999614e-06 4.107989534286897e-05 566918.2190547056
3.7499999999999607e-06 3.590958416376547e-05 566918.1731838777
3.99999999999996e-06 3.1445294877517655e-05 566918.1391562613
4.249999999999959e-06 2.7619913033835702e-05 566918.1141426397
4.499999999999959e-06 2.4364247082657644e-05 566918.0958937302
4.749999999999958e-06 2.1610973068685756e-05 566918.0826661612
4.999999999999957e-06 1.929711958381305e-05 566918.0731321393
5.2499999999999565e-06 1.7365817500202644e-05 566918.0662978756
5.499999999999956e-06 1.5767396007489994e-05 566918.0614277575
5.749999999999955e-06 1.4457645965807482e-05 566918.0579779103
5.999999999999954e-06 1.3399068262872653e-05 566918.0555521687
6.249999999999954e-06 1.2558963416270164e-05 566918.0538605234
6.499999999999953e-06 1.1909624155817463e-05 566918.0526934362
6.749999999999952e-06 1.1427917621067138e-05 566918.0518998798
6.999999999999952e-06 1.1091463221065419e-05 566918.0513681052
7.249999999999951e-06 1.088169628308124e-05 566918.0510194678
7.49999999999995e-06 1.0781990280059998e-05 566918.0507980305
7.74999999999995e-06 1.0772552387918396e-05 566918.0506605832
7.999999999999949e-06 1.0839943234706235e-05 566918.0505811385
8.249999999999948e-06 1.0967998314364522e-05 566918.0505393858
8.499999999999947e-06 1.1143763164495074e-05 566918.0505227788
8.749999999999947e-06 1.1357042073236559e-05 566918.0505237216
8.999999999999946e-06 1.1597274606415817e-05 566918.0505358202
9.249999999999945e-06 1.1858496981067293e-05 566918.0505565488
9.499999999999945e-06 1.2135310716659247e-05 566918.0505837005
9.749999999999944e-06 1.2422908423431323e-05 566918.0506153461
9.999999999999943e-06 1.2719199316478115e-05 566918.0506512307
1.0249999999999943e-05 1.3020919037807027e-05 566918.0506898678
